0.719944738	0.456166342	0
0.564278175	0.378101032	0
0.811352044	0.352691595	0
0.717997956	0.62983555	0
0.233878256	0.518094824	1
0.684737844	0.612136564	0
0.620563391	0.688619377	0
0.90508776	0.687679226	0
0.672545285	0.223213865	0
0.054427915	0.55394611	0
0.223420745	0.467586015	0
0.09016	0.511310243	1
0.202986646	0.463266279	0
0.16782371	0.544358297	1
0.747656744	0.338885267	0
0.092426396	0.615448023	1
0.863548871	0.722932486	0
0.028909287	0.592773848	0
0.17931426	0.473098665	1
0.901995316	0.689830482	0
0.755963913	0.755886246	0
0.05763405	0.683329939	1
0.276934921	0.405168815	1
0.027902249	0.629441063	1
0.826352602	0.30864862	0
0.392917367	0.454588385	1
0.908521137	0.363571521	0
0.906224695	0.364801778	0
0.202609795	0.460323391	0
0.058597525	0.687991533	1
0.453979283	0.356685011	0
0.162319516	0.493033568	1
0.756934596	0.311738383	0
0.702765164	0.432095574	1
0.74863962	0.452401592	1
0.98841125	0.488930616	0
0.281095623	0.633411787	1
0.873140887	0.813152803	0
0.894730968	0.777716969	0
0.055251666	0.545552181	1
0.762771815	0.277995124	0
0.052527954	0.575608819	1
0.930944453	0.767106119	0
0.083747388	0.534914834	1
0.099159195	0.574505386	1
0.049707283	0.629645149	1
0.139255627	0.551245576	1
0.090199755	0.522454177	1
0.743283646	0.846632814	0
0.019227642	0.594817815	1
0.16698576	0.538725988	1
0.057892653	0.532817814	1
0.908311811	0.354070711	1
0.782912661	0.274818089	0
0.079529196	0.585462092	1
0.778928385	0.825637955	0
0.131614205	0.571710443	1
0.674818565	0.883803303	0
0.196542613	0.645723247	1
0.332537534	0.620685534	1
0.025396187	0.638695094	1
0.560986546	0.822007364	0
0.050275461	0.642980004	1
0.730161344	0.792224534	0
0.117077754	0.563736908	1
0.930072226	0.405238198	1
0.066743316	0.6181668	1
0.828084526	0.805295221	0
0.096162786	0.470496371	1
0.652818397	0.260071977	0
0.039615531	0.598605089	1
0.315120632	0.60021629	1
0.29043197	0.691761361	1
0.142622024	0.518745959	1
0.492095639	0.638518483	1
0.121309874	0.560219996	1
0.74674962	0.393945419	1
0.544590835	0.484493827	1
0.851886999	0.367815803	1
0.181856603	0.418021662	1
0.823700188	0.228586229	0
0.026803418	0.55618169	1
0.865933718	0.672583219	1
0.035782376	0.569744445	1
0.36571449	0.465808149	1
0.905271209	0.893301606	0
0.242959449	0.591207173	1
0.784362981	0.642381341	1
0.243987196	0.503781413	1
0.344594148	0.651167535	1
0.121725952	0.542372659	1
0.615285404	0.766150643	0
0.025689558	0.597156062	1
0.582603073	0.869412824	0
0.743369054	0.60564497	1
0.072351908	0.57569988	1
0.95413097	0.879688214	0
0.020845741	0.587563424	1
0.337258118	0.475985532	1
0.921847678	0.312308285	1
0.714724035	0.675644317	1
0.056096376	0.712536611	1
0.783949996	0.79980038	0
0.532041314	0.664195185	1
0.144109769	0.662435647	1
0.316484438	0.624723165	1
0.127082226	0.556694934	1
0.254783877	0.498005819	1
0.075149215	0.508253122	1
0.052362839	0.613005942	1
0.398637879	0.598456876	1
0.49492243	0.772902735	0
0.931338917	0.362552832	1
0.091958908	0.659736393	1
0.45462226	0.415303081	1
0.951672068	0.829991807	0
0.070102181	0.505855	1
0.895066358	0.793470953	0
0.434443934	0.608119674	0
0.894495716	0.779598052	0
0.063466797	0.519358477	1
0.138406237	0.465188712	1
0.058042865	0.52654087	1
0.344997584	0.471218341	1
0.121840122	0.529234813	1
0.923178486	0.749241406	0
0.584628926	0.302108412	1
0.113992527	0.592362916	1
0.230066328	0.497197074	1
0.905566284	0.344534083	1
0.121708255	0.533676188	1
0.075023096	0.506060692	1
0.936356299	0.360038744	1
0.568766696	0.354783943	1
0.168974748	0.527002756	1
0.137916318	0.691129735	1
0.854737351	0.696879977	0
0.110014947	0.478086022	1
0.03423363	0.559439669	1
0.240781878	0.588189409	1
0.549210805	0.443771519	1
0.729979274	0.780669452	0
0.047037263	0.526644688	1
0.885442892	0.816722572	0
0.86389444	0.806825892	0
0.861849065	0.808110111	0
0.800135231	0.260129383	0
0.059809858	0.566415832	1
0.602648885	0.856992872	0
0.0659775	0.561633206	1
0.382292661	0.79225703	0
0.78443952	0.902072337	0
0.049892422	0.508927886	1
0.099103673	0.602587647	1
0.026003931	0.566386118	1
0.80715772	0.285699312	0
0.425897566	0.323120647	1
0.266303161	0.570454444	1
0.345388819	0.542992515	1
0.768925274	0.765472063	0
0.035401391	0.515307173	1
0.726985645	0.733620392	0
0.132759704	0.379135697	1
0.906357537	0.780763267	0
0.122539546	0.586992552	1
0.94795283	0.77719988	0
0.055558935	0.536105669	1
0.79654531	0.258221688	1
0.832712037	0.353115994	1
0.208040857	0.433073758	1
0.08383325	0.59163648	1
0.460305202	0.592260466	1
0.107642019	0.465316043	1
0.656504775	0.829455931	0
0.089590191	0.529594766	1
0.047719618	0.632256519	1
0.090833336	0.597628742	1
0.12986339	0.585354379	1
0.043312557	0.622398376	1
0.049168557	0.553932227	1
0.892625302	0.947100791	0
0.073004865	0.542966408	1
0.109422056	0.510865731	1
0.018688023	0.67073227	1
0.798988007	0.923691518	0
0.077707449	0.61731265	1
0.785497386	0.338141751	0
0.069996802	0.537452868	1
0.38798987	0.722382958	0
0.965674048	0.609041594	1
0.374564391	0.537324013	1
0.383337218	0.646909763	1
0.354770143	0.061549822	1
0.078230819	0.499988819	1
0.363915066	0.398783114	1
0.502974282	0.415793073	1
0.944777338	0.280415621	1
0.045607083	0.544979654	1
0.830614369	0.750327032	0
0.417024713	0.823970065	0
0.19140585	0.643873175	0
0.771231905	0.220542764	0
0.82859891	0.472966438	1
0.518422664	0.350197542	1
0.257016119	0.276786494	1
0.952416131	0.802562334	0
0.677575	0.448778426	1
0.038475366	0.541140844	1
0.92280614	0.818629037	0
0.929653336	0.820285594	0
0.619163932	0.335665029	1
0.30976255	0.284364557	1
0.51069146	0.880262142	0
0.793438524	0.257892466	0
0.050554929	0.57783121	1
0.712465226	0.441063758	0
0.598454072	0.650327451	1
0.882443433	0.657785587	1
0.542126812	0.636238097	1
0.121235017	0.619739071	1
0.415807417	0.613871165	1
0.928192416	0.281089117	1
0.126621137	0.500274322	0
0.842341532	0.27532182	1
0.255409947	0.549455659	1
0.481623493	0.313472367	1
0.234993485	0.372824295	1
0.953663696	0.626458965	1
0.62969809	0.641071677	1
0.069246138	0.493975601	1
0.073989088	0.565211807	0
0.085771929	0.579456328	0
0.158782833	0.535179465	1
0.885082881	0.753141794	0
0.449687175	0.815066583	0
0.242299038	0.492231055	0
0.396740403	0.660730897	1
0.232242787	0.413323478	1
0.88965967	0.786148226	0
0.082661587	0.504916445	1
0.643145325	0.75655733	0
0.501020177	0.664169167	0
0.053876	0.515829689	1
0.405220743	0.806398687	0
0.260320272	0.796339437	0
0.828858679	0.834349322	0
0.863827917	0.84735601	0
0.241223765	0.638951459	1
0.814798409	0.8039339	0
0.687986391	0.628870201	0
0.718015433	0.811375747	0
0.925852161	0.806203999	0
0.681018473	0.772153065	0
0.021570362	0.654033433	1
0.017718723	0.619522722	1
0.014689429	0.55100264	1
0.922244671	0.774771214	0
0.195652712	0.437141792	1
0.460917284	0.832778577	0
0.80445294	0.755460888	0
0.060745775	0.535913113	1
0.071548127	0.531389602	1
0.016792245	0.621838218	1
0.794276087	0.489352991	0
0.820326334	0.856683	0
0.920649434	0.440032917	1
0.804830536	0.385377824	1
0.905041442	0.439195885	1
0.703204147	0.789490834	0
0.106131766	0.58719208	1
0.091361457	0.564698589	1
0.154632668	0.554823902	1
0.245162325	0.527206637	1
0.837677983	0.925173826	0
0.135251461	0.615833637	1
0.557325689	0.389552893	1
0.152853388	0.603784404	1
0.818506195	0.423517221	1
0.934684891	0.387473707	1
0.85306808	0.414462501	1
0.075928044	0.605102853	1
0.149935749	0.552445936	1
0.205811977	0.525854633	1
0.083315224	0.582586461	1
0.706537664	0.313613725	1
0.097287097	0.610223439	1
0.084180521	0.563051769	1
0.113243961	0.590577549	1
0.917328196	0.439080012	1
0.91828303	0.438567585	1
0.95001903	0.459883029	1
0.203654683	0.573585962	1
0.272192977	0.557869279	1
0.164979156	0.619050743	1
0.154100033	0.616761369	1
0.153559115	0.611299211	1
0.656258438	0.431981846	1
0.535173317	0.517703732	1
0.724451344	0.860153806	0
0.352362006	0.652842317	1
0.074084217	0.623468621	1
0.014895169	0.682091623	1
0.9270406	0.423311539	1
0.65034236	0.565310336	0
0.92831648	0.428496811	1
0.036285488	0.655947841	1
0.028901313	0.647165598	1
0.927975776	0.40957434	1
0.098873203	0.59603867	1
0.908387411	0.420641317	1
0.317932436	0.664130862	0
0.483652929	0.442922353	1
0.069917664	0.637158793	1
0.901383974	0.421277966	1
0.143923459	0.578412394	1
0.92479447	0.437371036	1
0.367021814	0.674732987	1
0.15789055	0.579564288	1
0.875294328	0.692246232	0
0.726730022	0.906939448	0
0.809735964	0.386406522	0
0.656969102	0.537190029	1
0.742706369	0.898959989	0
0.525738316	0.639937482	0
0.595442983	0.549999563	0
0.884546802	0.883253717	0
0.119924596	0.626241383	1
0.70136592	0.87528724	0
0.052431111	0.630119504	1
0.792808861	0.820017605	0
0.941209855	0.879717645	0
0.065660214	0.634221428	1
0.593727992	0.986087855	0
0.522545989	0.404458567	0
0.449831434	0.37369067	0
0.645739687	0.366623049	0
0.168365772	0.459766637	0
0.018957518	0.718768085	1
0.930638593	0.737092455	0
0.075332237	0.611515524	1
0.998147044	0.520102868	0
0.648002042	0.42623139	0
0.77308618	0.867590013	0
0.628922258	0.62679507	0
0.61817515	0.336584942	0
0.879986803	0.749819323	0
0.8716874	0.886240634	0
0.239063444	0.53107597	1
0.763208554	0.686734882	0
0.045924688	0.615544191	1
0.100570918	0.597583239	1
0.823131477	0.648965471	0
0.902914872	0.817967915	0
0.036887098	0.601367643	1
0.796542765	0.817816268	0
0.030126134	0.682148199	1
0.93048897	0.422467586	1
0.04536416	0.622803327	1
0.049960017	0.576663083	0
0.874515416	0.378197716	1
0.903332756	0.409268905	1
0.019859862	0.645444249	1
0.098026239	0.604517169	1
0.906709829	0.363364078	1
0.953263707	0.425757331	1
0.759974049	0.379521387	1
0.695612592	0.471019641	1
0.647051728	0.772743185	0
0.894740636	0.962123488	0
0.737537661	0.83897194	0
0.573077438	0.458282019	1
0.706693592	0.482635623	1
0.031487515	0.633013486	1
0.73605466	0.805582239	0
0.187692018	0.48372224	1
0.674470205	0.80689043	0
0.853804598	0.730058047	0
0.068787196	0.503108218	0
0.32947947	0.448397191	0
0.725128978	0.877502378	0
0.749812112	0.881167577	0
0.043933795	0.65774314	1
0.541106405	0.416770522	0
0.504420512	0.829273435	0
0.561977874	0.894607648	0
0.715552005	0.755136756	0
0.099031124	0.62305172	1
0.896638437	0.732834182	0
0.582837208	0.97092486	0
0.1540671	0.605291201	1
0.270823383	0.561640162	1
0.059691904	0.572124724	1
0.180083416	0.652327764	0
0.074746427	0.579083096	1
0.056884024	0.564981051	1
0.228382724	0.451362957	0
0.303337401	0.608049092	1
0.539853156	0.430680929	1
0.660022081	0.690361144	0
0.704517005	0.804612339	0
0.721520394	0.865532207	0
0.906782586	0.720984452	0
0.127712657	0.60935031	1
0.85644837	0.615597472	0
0.332638411	0.445078003	1
0.175517455	0.485517932	1
0.419607934	0.224191781	0
0.82038423	0.694686566	0
0.865470264	0.607657401	1
0.296441484	0.452721012	1
0.210610078	0.631645463	1
0.861208208	0.772169584	0
0.922051828	0.350402228	1
0.806164665	0.870033418	0
0.655833057	0.695143128	0
0.057524364	0.626519463	1
0.869735781	0.362497683	1
0.078170216	0.463940725	1
0.693361882	0.484430136	1
0.304909034	0.648535079	1
0.854021086	0.363174649	1
0.098305411	0.606312161	1
0.196024944	0.156843872	0
0.994815615	0.620927703	1
0.46131581	0.458894576	1
0.126645306	0.547613612	1
0.460640269	0.450872027	1
0.393894739	0.493510018	1
0.786697132	0.763167726	0
0.27314494	0.607643794	1
0.867045346	0.846622142	0
0.72339381	0.784324085	0
0.13396195	0.55531998	1
0.853378746	0.884925857	0
0.239193684	0.607331204	1
0.304600064	0.481005419	1
0.873869947	0.643959344	1
0.092105543	0.529110948	1
0.052220101	0.461344798	1
0.697470835	0.668328284	0
0.133447359	0.535133192	1
0.110020838	0.48602183	1
0.207507785	0.530578155	1
0.172004251	0.495584701	1
0.701052695	0.579591846	0
0.132367448	0.322521949	1
0.33557511	0.341367712	1
0.46822045	0.344205427	1
0.911843136	0.880963296	0
0.489728366	0.388380991	1
0.670226949	0.766301938	0
0.907876056	0.939056512	0
0.833731912	0.579173023	0
0.964461429	0.635590639	1
0.155285159	0.551224061	1
0.114071443	0.604969644	1
0.889899126	0.768531262	0
0.074891048	0.542181988	1
0.066455403	0.499036925	1
0.238842988	0.59161034	1
0.680902911	0.806643474	0
0.250580125	0.47957921	1
0.15228015	0.469237818	1
0.164865663	0.63157127	0
0.207165095	0.567071876	1
0.828607664	0.760100544	0
0.527340594	0.567167141	1
0.331239507	0.525696655	1
0.874385526	0.855504675	0
0.493812831	0.574002615	1
0.177181252	0.521648329	1
0.783838945	0.532363936	1
0.792928836	0.569980528	1
0.233699512	0.651095977	1
0.189521458	0.491525211	1
0.049972308	0.607645804	1
0.843296723	0.592929121	1
0.227479816	0.690548914	1
0.202437926	0.467462428	1
0.638067942	0.78070405	0
0.215847243	0.569721095	1
0.11805542	0.49658986	0
0.130327228	0.559149014	1
0.741864979	0.710636094	0
0.675446957	0.790779715	0
0.4960781	0.496531507	1
0.509381179	0.407501978	1
0.949800807	0.724766526	0
0.78089597	0.78004218	0
0.093648048	0.578274157	1
0.948875891	0.382547862	0
0.838725158	0.409764718	0
0.498062628	0.50122239	1
0.374986055	0.480291366	1
0.098069734	0.579172816	1
0.762886964	0.572893015	1
0.814426038	0.337007237	0
0.271243202	0.51638222	1
0.194488604	0.479329975	1
0.357893531	0.507859473	1
0.158554783	0.557573961	1
0.177294325	0.61710622	1
0.857885757	0.361943721	1
0.099982004	0.56981385	0
0.249814589	0.505008199	1
0.324748581	0.591171457	1
0.858877209	0.350397612	1
0.127669851	0.567093042	1
0.927767331	0.3861244	1
0.756367707	0.345883648	1
0.926937317	0.388899263	1
0.587155816	0.311757218	1
0.133121449	0.484923675	1
0.235337815	0.643491314	1
0.933080485	0.405561532	1
0.30584582	0.253373744	0
0.040431426	0.651794243	1
0.222060146	0.434180592	1
0.696089408	0.645424959	0
0.721217123	0.781584379	0
0.828008971	0.6171366	1
0.799773357	0.934790927	0
0.3143337	0.573864359	1
0.932509467	0.869686229	0
0.346001312	0.603085849	1
0.19221572	0.553047643	1
0.260662666	0.550613233	1
0.681703458	0.795255382	0
0.157386919	0.540208518	1
0.12912172	0.541762539	1
0.125461018	0.594002155	1
0.07734309	0.51497924	1
0.458341537	0.624388444	1
0.527610219	0.814885259	0
0.925323076	0.966811237	0
0.189592937	0.388279018	0
0.790713098	0.848688624	0
0.049576258	0.621710823	1
0.049780742	0.644204279	1
0.455452216	0.724553232	0
0.051024831	0.626154915	1
0.61616023	0.797404524	0
0.805156754	0.783732369	0
0.034723315	0.610572523	1
0.544185666	0.731046496	0
0.84676538	0.808826189	0
0.615494286	0.420511709	1
0.212294098	0.58209967	1
0.675846564	0.450280941	1
0.086060276	0.506026261	0
0.322820481	0.746469267	0
0.567333886	0.453469162	1
0.943354353	0.781479403	0
0.085344981	0.59137584	1
0.947886114	0.789432477	0
0.36559974	0.449461058	1
0.868146938	0.829201177	0
0.60011816	0.465930376	1
0.477205638	0.466033482	1
0.813668706	0.854365587	0
0.85800048	0.71107241	0
0.493889825	0.639257243	0
0.942944354	0.818407281	0
0.864323569	0.780986071	0
0.82424093	0.729426416	0
0.472624001	0.825159798	0
0.067402132	0.613898665	1
0.825465629	0.837296832	0
0.045221477	0.572163293	1
0.712498093	0.919415523	0
0.94456388	0.823059431	0
0.10765599	0.612466987	1
0.898923871	0.730380956	0
0.418776256	0.665958196	0
0.80831792	0.708373345	0
0.630843022	0.951910066	0
0.729958112	0.768879791	0
0.091660496	0.584976221	1
0.065209105	0.574132936	1
0.548075147	0.524746498	0
0.46548104	0.812792437	0
0.491567653	0.820695127	0
0.942037733	0.692225989	0
0.715260719	0.85174936	0
0.632530615	0.574522299	0
0.94904039	0.685298789	0
0.77206624	0.70154462	0
0.473620489	0.783439319	0
0.845676662	0.874765592	0
0.893222471	0.91007253	0
0.040527119	0.645553643	1
0.493388049	0.798895592	0
0.863203607	0.804492735	0
0.09683136	0.612815032	1
0.930653844	0.773405471	0
0.772442691	0.846053957	0
0.491781566	0.333958012	0
0.151009142	0.495966076	1
0.051769235	0.57049792	1
0.232548761	0.474620586	1
0.904199195	0.354244992	0
0.11483506	0.517774172	1
0.785673767	0.280078791	0
0.226441268	0.467127432	1
0.749309716	0.779189952	0
0.915522068	0.752260822	0
0.93188959	0.689626097	0
0.109024723	0.557589556	1
0.926849827	0.787105396	0
0.73725493	0.765774079	0
0.658350532	0.760965902	0
0.887566242	0.747534525	0
0.712264101	0.744272972	0
0.808457422	0.728834705	0
0.866358591	0.931721535	0
0.652795128	0.707287215	0
0.449536352	0.768370794	0
0.954060254	0.779384512	0
0.721931762	0.823428445	0
0.874383329	0.755855861	0
0.092279203	0.571167997	0
0.06889873	0.637343871	1
0.2433868	0.58505972	1
0.023440723	0.67049176	1
0.064628565	0.642618846	1
0.066588488	0.515237024	1
0.096690103	0.620465162	1
0.876904026	0.780797725	0
0.032674682	0.666764403	1
0.765615377	0.710014879	0
0.868210288	0.908676962	0
0.941043773	0.757882831	0
0.56823882	0.915946624	0
0.166481397	0.519848141	1
0.256996178	0.532841013	1
0.188105584	0.640848608	0
0.578600552	0.866187758	0
0.068381547	0.565663475	1
0.941503399	0.772273009	0
0.144027044	0.520437368	1
0.905167439	0.643420447	0
0.453491205	0.341273024	0
0.395252942	0.463049555	1
0.89907554	0.383264829	1
0.87787769	0.385436213	1
0.485222911	0.441275075	1
0.496196658	0.488108452	1
0.234637346	0.433939161	1
0.412203729	0.46256465	1
0.910719775	0.383128304	1
0.912812065	0.719383963	0
0.895090757	0.386528774	1
0.524734077	0.443636243	1
0.811147325	0.829329511	0
0.10843145	0.470713301	0
0.844634174	0.73564567	0
0.042760157	0.586562682	1
0.791484576	0.877058494	0
0.099767176	0.605198617	1
0.169334948	0.503135554	1
0.06155549	0.563007485	1
0.764999761	0.799144178	0
0.075399735	0.556963799	1
0.38705612	0.514779415	1
0.193570592	0.483068327	1
0.307182628	0.46133264	1
0.922084927	0.346941531	1
0.95253055	0.330811006	1
0.853170552	0.363753305	1
0.589665999	0.491301068	1
0.468633842	0.412513454	1
0.175611127	0.48556955	1
0.658212778	0.746105763	0
0.694303582	0.867097312	0
0.942105752	0.411148887	1
0.947486171	0.415990888	1
0.48232894	0.519208642	0
0.75758583	0.471898457	1
0.059901597	0.59459909	1
0.346174039	0.47439696	1
0.940244379	0.350836467	1
0.933161204	0.345729132	1
0.94266365	0.370378368	1
0.582961676	0.433844297	1
0.06373026	0.587679125	1
0.290584873	0.547293998	1
0.157545483	0.48976251	1
0.525469759	0.532280047	0
0.232222258	0.55145599	1
0.249974944	0.540668087	1
0.532493725	0.471920286	0
0.116053623	0.497073333	0
0.140708923	0.595364549	1
0.530925822	0.50517746	1
0.833773765	0.396792447	1
0.15425719	0.595716414	1
0.755337406	0.385922945	1
0.829034024	0.467863986	1
0.873262569	0.406561231	1
0.259263518	0.47601463	1
0.604778658	0.472757814	0
0.280204518	0.430847089	0
0.895122922	0.674110431	0
0.18879117	0.491441272	1
0.6509718	0.482116961	1
0.050330725	0.390464725	0
0.095773251	0.498647011	1
0.196384084	0.471405299	1
0.803575634	0.877666109	0
0.082407726	0.49902147	1
0.078507955	0.592136649	1
0.351978443	0.448269517	1
0.659245702	0.439680094	0
0.092376056	0.596555331	1
0.874816061	0.78434473	0
0.676437106	0.849283228	0
0.643636212	0.829549169	0
0.661515272	0.95160898	0
0.115123625	0.591275448	1
0.052164513	0.646640476	1
0.31878493	0.560910084	1
0.674388092	0.471438419	0
0.59285911	0.771948326	0
0.138106994	0.52929985	1
0.095351875	0.509655959	1
0.038524313	0.625818092	1
0.609651657	0.829097743	0
0.106883958	0.492262615	1
0.119916532	0.531137773	1
0.927505726	0.778748422	0
0.244493349	0.446466452	1
0.612384774	0.546655086	1
0.421145755	0.763910882	0
0.952473511	0.983282054	0
0.920366428	0.7807164	0
0.130925286	0.516228326	1
0.16435315	0.58980314	1
0.062015094	0.640754967	1
0.191697765	0.602635373	1
0.196140755	0.597836612	1
0.066978181	0.586936803	1
0.210309928	0.584593858	1
0.085008065	0.613542073	1
0.848936355	0.818138775	0
0.064228916	0.56437525	1
0.878036611	0.666183307	0
0.614677702	0.553314217	1
0.756243399	0.637125932	1
0.82799404	0.753861344	0
0.165176325	0.552876787	1
0.417767255	0.524176306	1
0.71575985	0.466926294	1
0.876473848	0.404783727	1
0.155049992	0.533953453	1
0.82710791	0.787987759	0
0.979073241	0.597552076	1
0.294789644	0.50152209	1
0.109902149	0.50408575	1
0.471768758	0.738394846	0
0.74357046	0.664553944	0
0.68225192	0.825161783	0
0.049754966	0.529961516	1
0.264489328	0.540368659	1
0.040836692	0.541509659	1
0.097296892	0.580613391	1
0.959980044	0.60012713	1
0.935498123	0.801342986	0
0.934272163	0.390809893	0
0.167205788	0.520391101	1
0.497344121	0.812516188	0
0.744916448	0.640343331	1
0.359349422	0.493292553	1
0.103776834	0.494301774	1
0.131179091	0.541633459	1
0.043390004	0.579114629	1
0.775999235	0.669218547	0
0.938939479	0.634216348	0
0.192245099	0.660578346	1
0.69832847	0.677102184	0
0.157283925	0.496300367	1
0.841700699	0.773189258	0
0.076106009	0.546245536	1
0.181849439	0.534467255	1
0.211208323	0.467943448	1
0.292685748	0.652216646	0
0.065261473	0.541509519	1
0.542891921	0.782460016	0
0.308435894	0.438908131	0
0.898595086	0.853783028	0
0.211614844	0.476135909	1
0.955320021	0.703076811	0
0.692999046	0.836460794	0
0.163691147	0.501666233	1
0.058447481	0.573050413	1
0.714697372	0.846629788	0
0.317051986	0.494083195	1
0.601201294	0.403031966	1
0.92383065	0.829125731	0
0.156662014	0.547338766	1
0.880959808	0.81122288	0
0.909842167	0.745607142	0
0.798345574	0.739659636	0
0.883056131	0.859832451	0
0.06253945	0.569625474	1
0.138657024	0.521603184	1
0.11318032	0.563047722	1
0.555578034	0.450442575	1
0.327214498	0.466710311	1
0.929415545	0.365901159	1
0.029388717	0.61467593	1
0.29410503	0.467907225	1
0.39244341	0.437958254	1
0.906658376	0.402717104	1
0.084198869	0.565524456	1
0.658103391	0.382298146	1
0.308035902	0.448443431	1
0.958384386	0.80539698	0
0.814039111	0.79272745	0
0.095682319	0.515041146	1
0.938565231	0.321588533	1
0.149853119	0.545965787	1
0.885893196	0.361054402	1
0.927306167	0.385653165	1
0.038542561	0.556407112	1
0.07150851	0.520066257	1
0.902645599	0.348791447	1
0.909777661	0.3805772	1
0.936554173	0.394791604	1
0.996735771	0.530546483	1
0.803670263	0.355448164	1
0.945491488	0.371233741	1
0.759890676	0.87275156	0
0.947589227	0.395365814	1
0.712498379	0.397669959	1
0.102340719	0.525550832	1
0.112349461	0.601023251	1
0.026313781	0.643908076	1
0.11191169	0.545380084	1
0.197443966	0.764566945	0
0.452983862	0.511422104	1
0.93493607	0.682096332	0
0.265054326	0.506687993	1
0.077117465	0.526905998	1
0.677124685	0.42452696	1
0.050633994	0.614070918	1
0.875004813	0.760401585	0
0.774600344	0.453614799	1
0.035856436	0.662950135	1
0.079257923	0.636930799	1
0.314727211	0.726616065	0
0.040888991	0.551813254	1
0.854080064	0.785932045	0
0.952096205	0.775366838	0
0.742423066	0.233371995	0
0.074845036	0.476218308	1
0.943508444	0.806408638	0
0.105077933	0.533704036	1
0.083514312	0.585350522	1
0.20984463	0.405990941	1
0.069006665	0.57292507	1
0.652760672	0.982119825	0
0.110421056	0.500739096	1
0.068799201	0.481841162	1
0.633175148	0.251221224	0
0.703805735	0.313300211	0
0.456522469	0.819008997	0
0.802911848	0.46536054	1
0.411571533	0.174597792	1
0.732269745	0.455359228	1
0.935499766	0.382394897	0
0.794320658	0.463712611	1
0.188234473	0.503436512	0
0.076106304	0.674845003	1
0.580829895	0.776709865	0
0.165934749	0.613964629	1
0.433553335	0.235758873	0
0.395494593	0.46849694	1
0.162686367	0.491137612	1
0.80690057	0.86769695	0
0.251704215	0.569140779	1
0.065641982	0.696018581	1
0.804108539	0.458457577	1
0.91193987	0.80020549	0
0.886988128	0.440467941	1
0.902363433	0.785669015	0
0.623434769	0.473689618	1
0.387510025	0.423157485	1
0.600123186	0.467332484	1
0.043852618	0.64361317	1
0.86253003	0.769746636	0
0.74116934	0.443289605	1
0.683097751	0.477975757	1
0.922290876	0.719841261	0
0.830069861	0.430171564	1
0.157279808	0.557569	1
0.338822762	0.449867869	1
0.128608443	0.562743633	1
0.07601598	0.617856054	1
0.197620208	0.914807806	0
0.935931109	0.966221889	0
0.040951326	0.642018043	1
0.82566576	0.45323998	1
0.860909515	0.440350134	1
0.058355102	0.6603649	1
0.493048505	0.569972038	1
0.212701883	0.646066762	1
0.052505505	0.615519895	1
0.816028241	0.648691874	1
0.149507441	0.214311315	1
0.298101503	0.486301469	1
0.875785299	0.757770037	0
0.207530815	0.478001402	1
0.226469107	0.460188012	1
0.723816035	0.581103274	1
0.599003408	0.614123169	1
0.435535097	0.528677759	0
0.944264162	0.774834979	0
0.345221507	0.445340111	1
0.076496257	0.545612908	1
0.031791414	0.672999085	1
0.203015281	0.266209419	1
0.957906549	0.757568462	0
0.863117715	0.79256644	0
0.210323746	0.630149643	1
0.233406454	0.556906004	1
0.301983677	0.289541262	1
0.88415603	0.386914711	1
0.336751275	0.524124389	1
0.605650706	0.47722762	1
0.076325047	0.623125645	1
0.888042109	0.82255315	0
0.146136395	0.546862036	1
0.507214829	0.31572675	0
0.513999273	0.445677536	1
0.914896003	0.380313404	1
0.262770401	0.518744937	1
0.330102059	0.451148259	1
0.465437302	0.545038136	1
0.296315378	0.514821995	1
0.494692513	0.552727796	1
0.063686168	0.609775754	1
0.444938546	0.384205329	1
0.254295446	0.519974488	1
0.661594983	0.353650893	1
0.867045469	0.827207686	0
0.234956847	0.434677301	1
0.301898325	0.4956397	1
0.346069534	0.405731996	1
0.128351297	0.46919428	1
0.063328253	0.592306273	1
0.904928473	0.369112348	1
0.724500695	0.397340154	1
0.702415441	0.624645792	1
0.151050377	0.45949097	1
0.049034016	0.595578268	1
0.086680025	0.48750949	1
0.215588145	0.455562296	1
0.840049489	0.660996136	0
0.025234537	0.677271405	1
0.146550903	0.47714551	1
0.948054006	0.381245572	1
0.847959824	0.415619335	1
0.411950091	0.408626485	1
0.895650142	0.529406623	1
0.158088707	0.480804136	1
0.541867614	0.470619979	1
0.842221101	0.776764743	0
0.388018839	0.323980509	1
0.052567698	0.587119797	1
0.947255326	0.371248602	1
0.800205212	0.407192566	1
0.142149294	0.493571179	1
0.059536775	0.58981938	1
0.832545675	0.957473081	0
0.360464365	0.430078576	1
0.501117091	0.540573516	1
0.320511536	0.457293204	1
0.097837773	0.578116566	1
0.880082316	0.907492709	0
0.845945989	0.910705248	0
0.070414366	0.594137599	1
0.96816027	0.636056263	1
0.125602044	0.454012904	1
0.301180693	0.550160646	1
0.136641869	0.493557688	1
0.041718646	0.638854749	1
0.117799285	0.405080743	1
0.394239013	0.651275749	1
0.071058057	0.525690134	1
0.960062891	0.771828346	0
0.508546553	0.448950859	1
0.079130987	0.573682901	1
0.076321405	0.65608328	1
0.408652489	0.395743861	1
0.194036089	0.611239192	1
0.942988594	0.433688822	1
0.047101014	0.538906886	1
0.101817404	0.532644805	1
0.053908153	0.634312524	1
0.103796925	0.584150693	1
0.08649349	0.567261625	1
0.928691237	0.80170309	0
0.63687557	0.217720321	0
0.827857007	0.658612378	1
0.163850731	0.527161264	1
0.346414065	0.647970274	1
0.941864521	0.773871051	0
0.200980169	0.514161702	1
0.93801197	0.666549818	0
0.126133108	0.575185378	1
0.926929158	0.41061946	1
0.173281956	0.532278342	1
0.055924376	0.605702778	1
0.171155188	0.526030883	1
0.452184328	0.717934121	0
0.811167158	0.377678945	1
0.917315076	0.376818236	1
0.9197538	0.422689602	1
0.06690129	0.617645665	1
0.128380105	0.585028565	1
0.963401941	0.835983436	0
0.78238041	0.405269031	1
0.595954689	0.35717869	1
0.034087302	0.616270952	1
0.591475154	0.357437242	0
0.942448974	0.931303964	0
0.112168776	0.563215914	1
0.140398522	0.51309967	1
0.883616381	0.519587535	1
0.267040457	0.490055373	1
0.697020556	0.376441232	1
0.949051074	0.366640665	1
0.082335624	0.562870139	1
0.771326642	0.296409547	1
0.3495506	0.452191011	1
0.927375682	0.323488707	1
0.140733241	0.543881699	1
0.266629089	0.637910969	1
0.033515267	0.64193222	1
0.05523329	0.639285589	1
0.951646115	0.363672739	1
0.084469165	0.553235621	1
0.150895659	0.511940747	1
0.781236251	0.31146493	1
0.126459914	0.571699969	1
0.098751246	0.555393953	1
0.953171075	0.363024754	1
0.772769068	0.362105451	1
0.148453616	0.647030289	1
0.137443985	0.544707331	1
0.230254573	0.518648559	1
0.899088074	0.813550506	0
0.91129504	0.616602746	1
0.297548065	0.607622555	1
0.451424842	0.018138399	0
0.457513792	0.539210289	1
0.409972082	0.585484458	1
0.957370757	0.799286789	0
0.559306896	0.81430005	0
0.207341989	0.54235368	1
0.644055765	0.314397357	1
0.474181854	0.583911879	1
0.701621872	0.630012272	1
0.274282413	0.614084695	1
0.834116629	0.567547459	1
0.919962454	0.472142077	1
0.036549806	0.601394495	1
0.281148887	0.465159973	1
0.204581618	0.567163849	1
0.040784002	0.639181577	1
0.218768816	0.492576744	1
0.662764816	0.365830899	1
0.140108841	0.471751671	1
0.789818099	0.378505315	1
0.895775931	0.523302784	1
0.940107599	0.806755035	0
0.179501337	0.491869404	1
0.861168444	0.389626358	1
0.943504599	0.438625813	1
0.954209914	0.800159954	0
0.311444634	0.448794657	1
0.270289778	0.428328164	0
0.946292631	0.783958141	0
0.269616216	0.524169211	1
0.94040136	0.404389157	1
0.949196742	0.392581378	1
0.948684834	0.39401947	1
0.928572772	0.373217736	1
0.503380069	0.474302526	1
0.430927421	0.483102551	1
0.085364404	0.522560698	1
0.951764333	0.376537543	1
0.410374007	0.477662486	1
0.800971233	0.414278203	1
0.368034699	0.350987675	1
0.831958707	0.412535173	1
0.873176973	0.764151609	0
0.035923451	0.618086191	1
0.892455928	0.323565062	1
0.938711499	0.775266994	0
0.208935846	0.421811173	1
0.618855964	0.2639474	1
0.072158565	0.591053493	1
0.061745344	0.586071723	1
0.3407312	0.483603686	1
0.287505487	0.477108816	1
0.59816772	0.121624657	1
0.070467197	0.583288339	1
0.089929913	0.580436074	1
0.153097595	0.532187486	1
0.173512434	0.498443578	1
0.61893459	0.293034252	1
0.051713326	0.606553129	1
0.19090738	0.477619335	1
0.905715403	0.815780154	0
0.69850644	0.317043421	1
0.668428345	0.034157413	0
0.069951688	0.584238639	1
0.942791777	0.658957281	0
0.913416386	0.349823933	1
0.194798688	0.453565312	1
0.924183155	0.656910561	0
0.701295315	0.308238796	1
0.627158753	0.276313566	1
0.240525444	0.499614929	1
0.040326081	0.604063335	1
0.232732337	0.647395486	1
0.715547846	0.618543453	1
0.931716763	0.653645633	0
0.040193361	0.637172134	1
0.933071986	0.652159917	0
0.128590876	0.506053158	1
0.891383229	0.444667211	1
0.088159836	0.569398786	1
0.04207537	0.557364328	1
0.632519938	0.298935918	1
0.04185367	0.56109962	1
0.335295377	0.52023953	1
0.718641172	0.474689071	0
0.219812824	0.428686505	1
0.631624694	0.674333754	0
0.934773954	0.584382775	1
0.249988397	0.611733743	1
0.665185753	0.812645793	0
0.335638717	0.484303642	1
0.360440275	0.480402203	1
0.661536043	0.708180211	0
0.217433348	0.441130447	1
0.204666129	0.415972624	1
0.69611761	0.5592366	1
0.053135129	0.532222858	1
0.032083592	0.579683598	1
0.954366519	0.626190125	1
0.288221345	0.501416892	1
0.508543772	0.698334874	0
0.042666751	0.646674826	1
0.913758024	0.797772051	0
0.228773493	0.430485384	1
0.882021348	0.617825979	0
0.39705219	0.542303168	0
0.28626386	0.54500609	0
0.425959853	0.384779301	1
0.69250144	0.642210355	1
0.359520423	0.633739722	1
0.190008574	0.552309703	1
0.182604782	0.547830453	1
0.838592059	0.678076937	0
0.151550188	0.550322456	1
0.589992732	0.382207629	1
0.097204595	0.528398198	1
0.123004483	0.546149083	1
0.263217999	0.54335281	1
0.484610446	0.58346126	1
0.54346337	0.479007757	1
0.129072757	0.773541726	0
0.21468849	0.632722123	1
0.170442105	0.596867187	1
0.574095611	0.724184718	0
0.84266965	0.77740495	0
0.104874952	0.548352764	1
0.180368398	0.514535423	1
0.891568038	0.735883667	0
0.172901198	0.519642502	1
0.111682151	0.575375113	1
0.644306836	0.823543985	0
0.095875898	0.484570991	1
0.88829698	0.681621009	0
0.413922967	0.494852367	1
0.08206757	0.584204026	1
0.694857741	0.749429517	0
0.140687078	0.519581364	1
0.151849431	0.51236357	1
0.896881528	0.405027139	0
0.584475233	0.281386732	0
0.165724419	0.507641533	1
0.091023032	0.534637177	1
0.050521657	0.524079564	1
0.86037576	0.83549817	0
0.144868855	0.510709139	1
0.925735144	0.692033005	0
0.949161688	0.904889702	0
0.131838074	0.569621754	1
0.317576445	0.574672348	1
0.863418421	0.819507193	0
0.811997643	0.909286472	0
0.929277089	0.791874807	0
0.034304979	0.545706066	1
0.030826087	0.54343505	1
0.896513829	0.279689141	0
0.555438218	0.563707482	1
0.797946044	0.471781846	1
0.0806516	0.552691139	1
0.145438769	0.578382113	1
0.154457657	0.582683593	1
0.47354517	0.369237921	1
0.065902643	0.423699733	1
0.211259975	0.540747138	1
0.929331635	0.2794433	1
0.654326118	0.356885726	1
0.779298028	0.338300746	1
0.695418381	0.350032335	1
0.649578203	0.35602084	1
0.947726733	0.297879118	1
0.953169865	0.829782905	0
0.142267211	0.469218102	1
0.040404217	0.530759646	1
0.170938039	0.50213836	1
0.097229902	0.44626299	1
0.159401539	0.536014076	1
0.927930435	0.828877563	0
0.052104384	0.597814687	1
0.732115706	0.316014241	1
0.872361007	0.680550171	0
0.068734417	0.442826373	1
0.743859201	0.274583379	1
0.848298145	0.72371813	0
0.957661139	0.846441577	0
0.64210402	0.342393774	1
0.042327003	0.559087145	1
0.135694912	0.477457546	1
0.123060943	0.51815969	1
0.144674501	0.539136428	1
0.069385569	0.597458464	1
0.074146502	0.442217736	1
0.128801981	0.531214928	1
0.116985245	0.486423818	1
0.148381708	0.530445452	1
0.066757935	0.523040935	1
0.098669552	0.495715921	1
0.918280866	0.751503111	0
0.051971375	0.554176574	1
0.896735236	0.34669934	1
0.88439953	0.348125485	1
0.903189061	0.342938326	1
0.888905175	0.782913447	0
0.048058767	0.56204768	1
0.93846773	0.832526334	0
0.553592867	0.752206406	0
0.666841033	0.743992702	0
0.142167944	0.549424999	1
0.322756419	0.445563027	1
0.05308778	0.525169224	1
0.802814868	0.945893715	0
0.163106165	0.553221225	1
0.775534385	0.733347655	0
0.62998154	0.616348434	0
0.245326941	0.416922891	0
0.678442995	0.542109951	0
0.52456215	0.694960847	0
0.145028351	0.510159132	1
0.093390437	0.499744339	1
0.125687002	0.533459757	1
0.89378577	0.588739431	0
0.87739496	0.792687546	0
0.052277034	0.553583433	1
0.471184915	0.570768612	0
0.172372457	0.49365702	1
0.83979383	0.639928853	0
0.792913542	0.686590665	0
0.457871098	0.624629529	0
0.246919753	0.589878662	0
0.083097115	0.582444446	1
0.906226612	0.906049688	0
0.067913086	0.57019213	1
0.270483956	0.458479151	1
0.113971798	0.603778781	1
0.753997519	0.645698467	0
0.883953204	0.786741193	0
0.08350613	0.571941095	1
0.838312039	0.672632215	0
0.65233601	0.781200487	0
0.586038993	0.784413575	0
0.949924982	0.810705378	0
0.787254655	0.82770791	0
0.078770691	0.591997128	1
0.082291829	0.619131231	1
0.204624649	0.509348705	1
0.275574179	0.531046706	1
0.026443421	0.645496285	1
0.040130857	0.676713164	1
0.309596634	0.780292957	0
0.95230942	0.818629312	0
0.627826901	0.823461953	0
0.143942379	0.529378924	1
0.073778759	0.605876034	1
0.76837109	0.235738641	0
0.080806208	0.520855804	1
0.155029598	0.464771792	1
0.858169712	0.920100397	0
0.025925864	0.586361774	1
0.03708002	0.55543111	1
0.657542102	0.277725993	0
0.057113937	0.535219335	1
0.811736817	0.830784866	0
0.753341576	0.891461966	0
0.068010524	0.507714954	1
0.174286735	0.508682077	1
0.169123507	0.51971413	1
0.218224021	0.540049932	1
0.243669854	0.542482929	1
0.122770451	0.482167319	1
0.121288078	0.536439052	1
0.914579731	0.842636883	0
0.848903014	0.835866037	0
0.092339233	0.548587966	1
0.945658131	0.858644294	0
0.305820601	0.453925201	0
0.910849817	0.853429761	0
0.363075591	0.423939992	1
0.076744578	0.559018471	1
0.128823065	0.526742407	1
0.118466674	0.556040278	1
0.519649879	0.487936956	1
0.092545486	0.523270372	1
0.293257463	0.585800658	1
0.144955384	0.537837016	1
0.694906875	0.76076733	0
0.764175452	0.915696714	0
0.067235324	0.577953463	1
0.649544601	0.413045969	0
0.166978873	0.536962846	1
0.710999921	0.298502421	0
0.557972838	0.449577436	1
0.954778436	0.372391549	1
0.836929583	0.40822724	1
0.109720944	0.579025555	1
0.732957851	0.419017282	1
0.126385365	0.550225022	1
0.176627104	0.528677143	1
0.710882866	0.54355515	1
0.059259586	0.603494826	1
0.166599199	0.531270721	1
0.114858501	0.568608302	1
0.17534334	0.537597701	1
0.52630236	0.343452328	1
0.356044974	0.433745786	1
0.182349715	0.47449322	1
0.927656879	0.759852443	0
0.087172843	0.474446229	1
0.676440381	0.886074593	0
0.780847587	0.839388671	0
0.75692481	0.360654862	1
0.232925018	0.504646326	1
0.797566597	0.661089477	0
0.837591465	0.51458783	1
0.584803665	0.2882786	1
0.781555441	0.380829038	0
0.299015946	0.443712127	0
0.25255536	0.52299452	1
0.751453575	0.357137467	1
0.699938968	0.368740594	1
0.149536829	0.485209335	1
0.454815787	0.498435175	1
0.172983214	0.292728789	1
0.510371376	0.428624524	1
0.65096372	0.377602684	1
0.108934769	0.789077651	0
0.027695099	0.599783508	1
0.151960685	0.556108248	1
0.282226564	0.53282085	1
0.170900905	0.490818802	1
0.071746336	0.56329908	1
0.130662406	0.544487055	1
0.036707801	0.64178917	1
0.249452841	0.408524366	1
0.873529496	0.95475496	0
0.273813877	0.514177557	1
0.053424229	0.529460023	1
0.085590393	0.472057572	1
0.096070854	0.470871354	1
0.068888268	0.535943097	1
0.068523179	0.54212165	1
0.711033538	0.246065509	0
0.815476615	0.892670819	0
0.102442458	0.534916583	1
0.336992349	0.421503637	1
0.87682152	0.872855146	0
0.100003266	0.571449384	1
0.674188102	0.835326462	0
0.022494064	0.624243741	1
0.949288027	0.335857618	0
0.317834142	0.545410903	1
0.759166017	0.800281208	0
0.15282913	0.498368859	1
0.193698119	0.394512905	1
0.637319162	0.291358203	1
0.504753199	0.471733095	1
0.16815807	0.490471756	1
0.396659351	0.467563317	1
0.640928589	0.066079386	1
0.356627289	0.217347781	1
0.084223088	0.547547139	1
0.031665983	0.600846551	1
0.790163925	0.266001253	0
0.842118454	0.611512051	1
0.058316275	0.451040763	1
0.037796373	0.587286777	1
0.05757464	0.56558519	1
0.092881119	0.501210703	1
0.160792478	0.51810996	1
0.041454249	0.588050813	1
0.886261808	0.331859553	1
0.649380077	0.284361052	1
0.843712493	0.813406099	0
0.678492415	0.334094004	1
0.688802583	0.312686114	1
0.639032421	0.290487658	1
0.920189911	0.792042269	0
0.94709032	0.781321479	0
0.566162798	0.229945218	1
0.10596776	0.469949914	1
0.109391139	0.524353613	1
0.651717966	0.119300314	1
0.142666039	0.509319867	1
0.796978705	0.61754718	0
0.146127708	0.54573449	1
0.110202135	0.563173132	1
0.141871857	0.525890974	0
0.014457459	0.677913099	1
0.577588686	0.594378924	0
0.073345558	0.473259325	1
0.514022216	0.225245132	1
0.483292731	0.332178635	1
0.679471595	0.247794269	1
0.063535817	0.570827746	1
0.033153162	0.574546579	1
0.069013897	0.569730368	1
0.165943877	0.392369189	1
0.727209559	0.286639745	1
0.893008919	0.798871269	0
0.048774369	0.565135623	1
0.255344583	0.53554974	1
0.269492556	0.36911096	1
0.264810742	0.159839247	1
0.669382939	0.35418155	1
0.317153406	0.186521071	1
0.917217234	0.793489107	0
0.034714805	0.469559995	1
0.064698343	0.546676309	1
0.159431499	0.515041228	1
0.606579901	0.395613178	1
0.313430847	0.442697225	1
0.943700432	0.328758285	1
0.493437392	0.402751909	1
0.66708679	0.177803012	1
0.542569486	0.393272604	1
0.927203132	0.858095581	0
0.6594364	0.085635793	0
0.023186405	0.613197693	1
0.075162507	0.591109346	1
0.348283349	0.498568359	1
0.552912967	0.423274125	1
0.658356289	0.257555135	1
0.401482036	0.463007332	1
0.149329195	0.531002052	0
0.217949698	0.51389957	1
0.249545786	0.481041066	0
0.405499849	0.455457269	1
0.94392935	0.347227637	1
0.154892483	0.53477838	1
0.272623172	0.130665837	1
0.588771576	0.421298945	1
0.324012506	0.265083696	1
0.456958976	0.273291512	1
0.787309031	0.409659522	1
0.703446126	0.39068548	1
0.609079315	0.332206667	1
0.38228925	0.462598776	1
0.476767931	0.476842325	1
0.27979529	0.41194895	1
0.353949841	0.430033321	1
0.127519326	0.44775656	1
0.186222459	0.499008667	1
0.272981761	0.519146659	1
0.059163018	0.549675893	1
0.947877572	0.800028747	0
0.899236186	0.700424254	0
0.949555179	0.68495669	0
0.953617481	0.674447484	0
0.113276618	0.502058254	1
0.798032009	0.616298193	0
0.908271848	0.707458441	0
0.937162408	0.710940504	0
0.603657627	0.594881415	0
0.118672366	0.516343965	1
0.292259868	0.514409407	1
0.129342359	0.517848239	1
0.145721252	0.485936758	1
0.145168483	0.527803112	1
0.095607104	0.550282833	1
0.836668503	0.395601848	0
0.152269473	0.474075623	1
0.126078034	0.567735209	1
0.164994009	0.463166974	1
0.80934758	0.752670884	0
0.950444902	0.714993859	0
0.083023187	0.566542351	1
0.087346268	0.557755284	1
0.813237587	0.7629486	0
0.143925482	0.453940318	1
0.078054161	0.494596757	1
0.17872547	0.567954672	1
0.161657905	0.56096391	1
0.178406747	0.571194486	1
0.915816577	0.732780142	0
0.074598191	0.563889156	1
0.109457879	0.511939516	0
0.661465153	0.854450168	0
0.925929236	0.79403932	0
0.567347759	0.70430189	0
0.058672776	0.544802206	1
0.892048077	0.786171028	0
0.096206297	0.499711037	1
0.087403829	0.515533866	1
0.805240814	0.269946145	0
0.699798079	0.869882305	0
0.693923784	0.723006813	0
0.058476768	0.608438227	1
0.83000958	0.807672676	0
0.668481199	0.763753245	0
0.118188614	0.579139184	1
0.666043046	0.663256992	0
0.098407611	0.564546438	1
0.054691823	0.522883107	1
0.601247653	0.749030831	0
0.060136753	0.593063195	1
0.633722267	0.646616225	0
0.122392833	0.467580916	1
0.238493962	0.418780936	1
0.871880525	0.386880995	0
0.09572526	0.517378693	1
0.904019191	0.800002971	0
0.075778527	0.551711741	1
0.673431335	0.376405243	0
0.951766245	0.741997169	0
0.966648014	0.835224575	0
0.223017075	0.740586837	0
0.081421867	0.619887828	1
0.073967235	0.580672758	1
0.032688488	0.66464719	1
0.088539627	0.553381988	1
0.106081347	0.570029888	1
0.038643689	0.645683203	1
0.022657988	0.600138097	1
0.876305634	0.872454059	0
0.409503875	0.482719374	1
0.361834761	0.496244923	1
0.296759751	0.509657577	1
0.126607806	0.568858897	1
0.679296532	1	0
0.132411485	0.571267425	1
0.92433968	0.779131084	0
0.52784024	0.314443975	0
0.071620704	0.611506473	1
0.110340719	0.615693447	1
0.254552164	0.572753868	1
0.404363524	0.401019458	1
0.781259386	0.987762289	0
0.693584582	0.386429734	0
0.111302592	0.638191522	1
0.312955153	0.403188808	1
0.666128291	0.159539027	1
0.63434012	0.449430746	1
0.517472254	0.460143054	1
0.802491394	0.912304747	0
0.950496832	0.691865994	0
0.606666961	0.765942767	0
0.102530266	0.504569649	1
0.047445121	0.590799199	1
0.696145718	0.278170413	1
0.04801195	0.686301891	1
0.261542923	0.197674943	1
0.618926599	0.880302055	0
0.088358216	0.647927576	1
0.072309179	0.547992926	1
0.799591368	0.356153941	1
0.783813897	0.829899237	0
0.35696776	0.551194452	1
0.167252806	0.485949256	1
0.132133237	0.615658296	1
0.841298849	0.388193012	1
0.847749508	0.380997127	1
0.30439098	0.186761208	1
0.905954805	0.372563441	1
0.654690189	0.274368015	1
0.127956162	0.515754773	1
0.127986294	0.516161555	1
0.75951541	0.369710994	1
0.034819257	0.666169356	1
0.868643548	0.372528626	1
0.085958918	0.560956546	1
0.16043908	0.517940605	1
0.067421704	0.57605481	1
0.09268956	0.608310867	1
0.085552191	0.571645478	1
0.181319997	0.513559592	1
0.954110757	0.342418987	1
0.87045771	0.820240503	0
0.193758793	0.442043299	1
0.171384773	0.431444036	1
0.68140418	0.057692729	0
0.218613842	0.481334658	1
0.395644977	0.49636426	1
0.276638531	0.478752666	1
0.069033726	0.549854203	1
0.068318372	0.63214244	1
0.742682429	0.787564339	0
0.944813147	0.414784117	1
0.270034023	0.592379098	1
0.148845968	0.492238975	1
0.616616627	0.292132256	1
0.905429473	0.841833332	0
0.224688917	0.495877697	1
0.663790324	0.318738192	1
0.068477899	0.547367092	1
0.749526978	0.266798769	1
0.949868199	0.672884379	0
0.096523496	0.541010212	1
0.877369124	0.295734866	0
0.120826466	0.597021404	1
0.855510303	0.365037233	1
0.704474212	0.260937645	1
0.638743853	0.353763653	1
0.894479814	0.350478018	1
0.597775578	0.253267182	1
0.03726637	0.595767372	1
0.62240976	0.439310255	1
0.505122055	0.424406172	1
0.10303244	0.516009743	1
0.914017618	0.331066739	1
0.050436437	0.623397139	1
0.172107928	0.477044575	1
0.206738317	0.541748501	1
0.112315878	0.523937059	1
0.088547153	0.495821753	1
0.761117747	0.724850186	0
0.611822496	0.589058132	0
0.105367135	0.481467193	1
0.026426252	0.639330334	1
0.073627641	0.603336624	1
0.833282977	0.329197114	1
0.100799513	0.572826109	1
0.670442195	0.259478109	1
0.891499147	0.613401324	1
0.088303001	0.494441698	1
0.134645059	0.517090161	1
0.753098406	0.810952432	0
0.531334684	0.867175262	0
0.153856517	0.471547324	1
0.218236452	0.495374147	1
0.067258085	0.597441906	1
0.320721495	0.196070123	1
0.953015005	0.355253964	1
0.131885038	0.50825866	1
0.599685097	0.32570979	1
0.701466708	0.383827245	1
0.345238169	0.277739661	1
0.059576681	0.537441477	1
0.490314444	0.402844738	1
0.10102538	0.525152992	1
0.928224824	0.336536025	1
0.314962014	0.434456672	1
0.666160653	0.308365123	1
0.050550807	0.540388957	1
0.833023966	0.393977167	1
0.205272213	0.493886393	1
0.565376329	0.177488043	1
0.869830379	0.320264953	1
0.943692456	0.355766239	1
0.545183029	0.702028282	0
0.07535367	0.560797063	1
0.093338242	0.50943587	1
0.115889831	0.486743374	1
0.698872317	0.406427766	1
0.060836344	0.587035725	1
0.10436235	0.551343094	1
0.493726029	0.407092416	1
0.510082757	0.408135466	1
0.81768216	0.303087926	1
0.127848123	0.534301359	1
0.937884361	0.337616785	1
0.312614844	0.446435407	1
0.622170431	0.394597478	1
0.18606507	0.502030161	1
0.659207307	0.093416175	1
0.029463156	0.638308505	1
0.080139467	0.566190355	1
0.287721767	0.509793968	1
0.64399561	0.24517363	1
0.630011994	0.210894789	1
0.099535214	0.55051825	1
0.739881952	0.374483404	1
0.571917482	0.44300578	1
0.165410486	0.547822519	1
0.141025116	0.539214157	1
0.724519877	0.440258854	1
0.768018756	0.192849694	0
0.900739035	0.371214276	1
0.296586516	0.179934922	1
0.075141353	0.577344919	1
0.489871756	0.484051336	1
0.502899965	0.25831516	1
0.583363063	0.319274524	1
0.754284198	0.395830036	1
0.709925336	0.394507946	1
0.170360461	0.540858495	1
0.157132676	0.551685701	1
0.224897148	0.531782689	1
0.831728144	0.421790944	1
0.31106286	0.436994477	1
0.239736949	0.485478281	1
0.027160942	0.357417318	1
0.447751376	0.495077986	1
0.303172639	0.477035326	1
0.203492107	0.424746344	1
0.199117956	0.410241204	1
0.140440814	0.475967517	1
0.046850119	0.298932634	1
0.168675295	0.428552106	1
0.914085211	0.609376848	1
0.079571342	0.491895241	0
0.657271216	0.700700215	0
0.051077022	0.417570334	1
0.064148508	0.391591127	1
0.843547984	0.695091981	0
0.843219023	0.764003441	0
0.597659887	0.590880416	1
0.870866126	0.695327703	0
0.939710318	0.682352913	0
0.116805957	0.464860488	1
0.135705501	0.505943203	1
0.769276973	0.733481799	0
0.775121772	0.705794855	0
0.115697231	0.498753849	1
0.409011874	0.456027021	1
0.956928287	0.75030562	0
0.114540864	0.534399499	1
0.140144358	0.525600039	1
0.200733853	0.540394671	1
0.088280141	0.524831555	1
0.852052748	0.597698058	0
0.855396988	0.6615932	0
0.88017252	0.818550197	0
0.106873439	0.519291721	1
0.183981985	0.509884371	1
0.596260735	0.735812681	0
0.455825308	0.705703709	0
0.825073683	0.294501354	0
0.068832226	0.581030616	1
0.064170655	0.543452469	1
0.059115613	0.56731501	1
0.698854556	0.864825149	0
0.028259595	0.450202603	1
0.029273099	0.455652409	1
0.860920119	0.777049399	0
0.018680955	0.45893651	1
0.19245562	0.44677613	1
0.771507542	0.762397188	0
0.041895693	0.5493929	1
0.102303082	0.492487729	1
0.029910384	0.504544302	1
0.082801011	0.50762407	1
0.943689569	0.287024803	0
0.333322579	0.688050211	0
0.142155801	0.498848634	1
0.032758926	0.555804663	1
0.067073166	0.588146387	1
0.080208536	0.548069238	1
0.153725065	0.51950458	1
0.084506322	0.509748553	1
0.87626433	0.334231948	0
0.954493463	0.759682149	0
0.779647457	0.767634189	0
0.169804426	0.46857816	1
0.017025279	0.686234283	1
0.789854287	0.790675563	0
0.541789543	0.944260536	0
0.816827031	0.980441261	0
0.161306937	0.530985634	1
0.191789867	0.469823526	1
0.066531589	0.525250241	1
0.139244848	0.486246577	1
0.572789418	0.783484171	0
0.187043986	0.462743523	1
0.151241731	0.47130928	1
0.04322137	0.55540828	1
0.908005507	0.774619092	0
0.120491677	0.523684818	1
0.918228365	0.760659785	0
0.086284161	0.55906048	1
0.061668779	0.532867978	1
0.39778856	0.396889438	1
0.780479319	0.965326778	0
0.037232976	0.575252127	1
0.04257153	0.521351148	1
0.103306339	0.445857307	1
0.044629188	0.40441821	1
0.078564514	0.43558198	1
0.051016523	0.415954068	1
0.050835919	0.423680686	1
0.387817872	0.693932231	1
0.098415797	0.507197881	0
0.8241258	0.755127989	0
0.902747734	0.739756765	0
0.041490268	0.478225371	1
0.046628464	0.602994113	1
0.117074645	0.514082819	1
0.777787331	0.33208553	0
0.08790969	0.543079741	0
0.658154648	0.748451643	0
0.162168497	0.465415771	0
0.768369779	0.828376324	0
0.900021425	0.722072702	0
0.098361185	0.528866285	1
0.748812529	0.762796475	0
0.243775329	0.551731127	1
0.086395637	0.482273388	1
0.942699893	0.708621496	0
0.795803507	0.892545108	0
0.117841277	0.365163557	0
0.999428696	0.399325089	0
0.641161106	0.764567292	0
0.102460601	0.375039433	0
0.938113195	0.708550998	0
0.761803069	0.814784434	0
0.104573677	0.550106533	1
0.05033613	0.584862708	1
0.069183632	0.445257878	0
0.090397106	0.560904373	1
0.086799264	0.558154416	1
0.055271696	0.628839186	1
0.037085063	0.414346248	0
0.070216063	0.59191822	1
0.844917572	0.350472652	0
0.925315008	0.355032204	0
0.917711302	0.355174512	0
0.195097522	0.525525293	1
0.640688406	0.382416088	1
0.030846039	0.620552031	1
0.939172401	0.913750892	0
0.638950392	0.751543418	0
0.811235497	0.729351895	0
0.113178443	0.406875449	0
0.815867077	0.729783398	0
0.040517878	0.430857818	0
0.041060922	0.426178865	0
0.595676205	0.072020977	0
0.072904344	0.364447981	0
0.027957211	0.617449747	1
0.95407336	0.80490233	0
0.819241377	0.754020102	0
0.919434617	0.734976984	0
0.713050308	0.760495429	0
0.853715008	0.881220995	0
0.092846159	0.502713333	1
0.945571945	0.697164658	0
0.816392839	0.745037254	0
0.762078978	0.814847525	0
0.859587929	0.752045906	0
0.905525319	0.811877011	0
0.703444435	0.293997551	1
0.937168971	0.817083162	0
0.940954428	0.708262082	0
0.078014958	0.57471853	1
0.954271601	0.792884724	0
0.95017674	0.774658353	0
0.26112185	0.475973752	1
0.8260377	0.300054456	1
0.575608188	0.345792948	1
0.048079277	0.551963437	1
0.073394267	0.526744571	1
0.166132401	0.511124676	1
0.256639013	0.561644504	1
0.19365564	0.527821327	1
0.302992262	0.492583089	1
0.03137956	0.617725353	1
0.634126561	0.345283294	1
0.914935602	0.407083349	1
0.860215068	0.64224514	0
0.876255884	0.431335859	1
0.888692003	0.396635063	1
0.150516859	0.541723441	1
0.286671799	0.305443231	1
0.789684061	0.326212011	1
0.179732331	0.607525782	1
0.918244481	0.752746593	0
0.180503888	0.434421525	1
0.602971623	0.36771525	1
0.573450075	0.677446279	0
0.805011597	0.897374063	0
0.859853434	0.849826416	0
0.778856712	0.839029359	0
0.197304083	0.496428826	1
0.88219525	0.792313598	0
0.016111178	0.309599826	1
0.040924748	0.371138022	0
0.128337289	0.548162225	1
0.31279554	0.026280876	0
0.423797537	0.06143641	0
0.136095622	0.488584388	1
0.180628598	0.506339074	1
0.142677149	0.490193669	0
0.029628453	0.453022143	1
0.100682507	0.535757306	1
0.023466241	0.437416515	1
0.279165892	0.862664875	0
0.464128165	0.357489079	0
0.29632502	0.816268593	0
0.056576513	0.615052613	1
0.549128193	0.93089256	0
0.07128536	0.530486909	1
0.068957143	0.572653277	1
0.815260972	0.452484459	0
0.191985372	0.456980915	1
0.314187137	0.758269744	0
0.268920982	0.457691616	0
0.054309189	0.544088432	1
0.603987432	0.725460509	0
0.810870264	0.820681291	0
0.084452494	0.658921788	1
0.099651371	0.538586723	1
0.947079444	0.746759845	0
0.160168902	0.521862459	1
0.797607547	0.708087522	0
0.277051143	0.488705509	0
0.346517284	0.827679398	0
0.1601058	0.528613911	1
0.083974358	0.546082839	0
0.034488017	0.522134824	1
0.165261894	0.600115783	1
0.116665057	0.558949054	1
0.215165467	0.464765924	0
0.435202871	0.835678834	0
0.052875374	0.569092208	1
0.46289036	0.313103272	1
0.304553766	0.415302129	1
0.181259835	0.498620201	1
0.172345262	0.466411474	1
0.516811587	0.465974761	0
0.305537721	0.660993022	0
0.048796018	0.590881582	1
0.173559568	0.485496036	1
0.488441788	0.424012471	1
0.526027376	0.38597024	1
0.263617949	0.484447236	1
0.04095781	0.540100071	1
0.170852322	0.51983449	1
0.764410689	0.325098084	0
0.960481355	0.724391675	0
0.239656736	0.482059141	1
0.035644321	0.613674241	1
0.199707984	0.399091163	1
0.6984774	0.242624988	0
0.145751619	0.548549724	1
0.103254119	0.541945303	1
0.14072038	0.488908685	1
0.157281709	0.460188985	1
0.514887024	0.681466721	0
0.481213447	0.856138161	0
0.167291555	0.477532564	1
0.069936414	0.525643115	1
0.1774038	0.35809129	1
0.031332873	0.418462421	1
0.466291742	0.509671716	1
0.526140934	0.125206735	1
0.607028887	0.355381578	1
0.299885335	0.396269257	1
0.749056272	0.947397262	0
0.424338289	0.480581745	1
0.061421338	0.502885848	1
0.122053351	0.273542378	1
0.576941858	0.076337648	1
0.155712632	0.534388786	1
0.096076276	0.400464982	1
0.249884045	0.561499757	1
0.514873497	0.305945077	1
0.579640638	0.013390892	0
0.037033221	0.435037116	1
0.658954249	0.308169884	1
0.764025084	0.244196798	1
0.694461894	0.313261174	1
0.692976106	0.213362678	1
0.862443561	0.899831368	0
0.659464041	0.176053623	1
0.085247225	0.521768126	1
0.12707749	0.340287806	1
0.292234227	0.425052516	1
0.02914298	0.600993244	1
0.340756202	0.610092595	0
0.723031069	0.316393114	1
0.890017308	0.250202669	1
0.661108861	0.221792183	1
0.213347491	0.436978103	1
0.201323614	0.65820673	0
0.434765839	0.24246245	1
0.46073519	0.150886448	1
0.301454	0.048148923	0
0.853788437	0.340958864	1
0.939901311	0.317144008	1
0.688150605	0.269380981	1
0.395095685	0.181598839	1
0.317045224	0.18824526	0
0.737802937	0.217329858	1
0.317009502	0.427489218	1
0.636176115	0.766792101	0
0.0978018	0.517085903	1
0.110659565	0.529716096	1
0.583716088	0.372927341	1
0.265238612	0.458236505	1
0.769360487	0.285123729	1
0.75421145	0.325891564	1
0.807071078	0.334141568	1
0.803097702	0.206628883	1
0.681167992	0.189239528	0
0.423610388	0.270432114	1
0.692681326	0.309157815	1
0.686886316	0.021449695	0
0.23692282	0.383915065	1
0.193512445	0.346307901	1
0.067139277	0.515763849	1
0.38109098	0.353190328	1
0.191758167	0.563103506	0
0.246352144	0.585239136	0
0.423396983	0.412327143	0
0.99849385	0.614362888	0
0.095745994	0.532272308	1
0.589187439	0.370781998	1
0.301151002	0.815323526	0
0.60015875	0.898375192	0
0.233654343	0.5032033	0
0.044235511	0.587384151	1
0.088869519	0.561660594	1
0.908930496	0.696188455	0
0.077558649	0.570539555	1
0.291249812	0.407051001	1
0.058577316	0.396183661	1
0.240403816	0.422789887	1
0.668141355	0.280080898	0
0.724264994	0.301625458	0
0.672134653	0.00992363	0
0.045724039	0.585932481	1
0.176189057	0.502712686	1
0.249438031	0.46026961	1
0.444783287	0.259573963	0
0.111630972	0.527398787	1
0.017766608	0.640637363	1
0.290397284	0.455406095	1
0.719292194	0.157891402	0
0.929997634	0.333208097	0
0.43979836	0.291184393	1
0.276166529	0.455477682	1
0.246981083	0.344857613	0
0.251512673	0.443925016	1
0.073785845	0.540823702	1
0.367955681	0.827242675	0
0.190612736	0.375182385	1
0.256330372	0.456542604	1
0.814107773	0.311199406	0
0.66301811	0.258690918	0
0.262257183	0.456753408	1
0.809387358	0.306325542	0
0.250002175	0.443017586	1
0.267202155	0.332835169	0
0.060684173	0.588424373	1
0.092935816	0.521893226	1
0.241809054	0.446876107	1
0.393259829	0.864089581	0
0.075338651	0.55132877	1
0.304652056	0.483354321	1
0.089708714	0.519035651	1
0.261841969	0.398361839	1
0.363263099	0.740110444	0
0.221651155	0.504861656	1
0.393090526	0.270552314	1
0.251980179	0.519285856	1
0.362959801	0.415882782	1
0.234801326	0.50525416	1
0.921436987	0.689243164	0
0.851742865	0.715157274	0
0.182657813	0.485614332	0
0.176474672	0.455411143	1
0.952097115	0.705993907	0
0.418987037	0.619760307	0
0.074909265	0.488855046	1
0.101621577	0.505683152	1
0.102760287	0.544824691	1
0.189551811	0.462943529	1
0.158928758	0.538383967	1
0.246733006	0.464440708	1
0.299326917	0.512481471	1
0.58595794	0.762400888	0
0.274802863	0.571886919	1
0.817902782	0.765400818	0
0.63257689	0.837155222	0
0.900805746	0.753080031	0
0.121972083	0.593880096	1
0.049510321	0.629226146	1
0.47272254	0.590096643	1
0.653369512	0.520363274	1
0.248205796	0.788349542	0
0.378341698	0.479047595	1
0.094841472	0.520435012	1
0.241736085	0.521822947	1
0.321617774	0.568991965	1
0.107727325	0.772394892	0
0.947689057	0.575343635	0
0.082288128	0.624215047	1
0.43377826	0.492360703	1
0.168958907	0.54861841	1
0.722202789	0.678173409	0
0.825024123	0.743474228	0
0.226132378	0.493030646	1
0.943180659	0.729406573	0
0.809548178	0.27306043	1
0.687870801	0.839299056	0
0.882198086	0.714207888	0
0.615209448	0.505205354	1
0.279308171	0.482455609	1
0.406808662	0.480731008	1
0.689565763	0.381955715	1
0.705915418	0.785972205	0
0.473259887	0.49967476	1
0.822436187	0.712614918	0
0.060996849	0.531295043	1
0.820842223	0.697953642	0
0.559670242	0.556812519	1
0.96496073	0.615977733	0
0.710626282	0.486191084	0
0.087011118	0.507238824	1
0.929500407	0.324906248	1
0.135173742	0.4973367	1
0.945623828	0.68991692	0
0.315015073	0.418717938	0
0.152720826	0.524096153	1
0.772497158	0.483514144	1
0.767341625	0.445524331	1
0.66033186	0.40269393	1
0.89107087	0.404305853	1
0.432274474	0.395967199	1
0.846592935	0.34277583	1
0.418322718	0.462847344	1
0.272312697	0.386570168	1
0.84031447	0.484373598	1
0.18841458	0.482838205	1
0.89121817	0.740114362	0
0.635823473	0.578170313	0
0.421222106	0.538895927	1
0.415611297	0.535808956	1
0.86516158	0.725843718	0
0.954816624	0.628472974	0
0.237875844	0.709165812	0
0.206294705	0.736182173	0
0.918620522	0.614509519	0
0.09651617	0.550814199	1
0.843302716	0.798364088	0
0.087182247	0.52514071	1
0.728675398	0.832089697	0
0.877044318	0.783103745	0
0.121887156	0.590679357	1
0.810600071	0.774158648	0
0.702103402	0.574090575	1
0.839718182	0.64201782	1
0.880362406	0.548802288	1
0.433689445	0.475963457	1
0.875689599	0.560606697	0
0.273710588	0.609803636	1
0.187970791	0.460797821	1
0.89133134	0.616560713	0
0.250144836	0.49854513	1
0.205691374	0.548812591	0
0.293349602	0.431686399	1
0.948368401	0.376608547	1
0.15187092	0.577668493	1
0.084465948	0.527327525	1
0.277143046	0.824957966	0
0.097837186	0.522493937	1
0.373484902	0.527616516	1
0.20341516	0.517994534	1
0.04648201	0.647991618	1
0.460509622	0.531423659	1
0.083435795	0.583942531	1
0.47022016	0.528797	1
0.086525031	0.634182138	1
0.702689893	0.390045724	1
0.100538538	0.586055743	1
0.190087912	0.529720187	1
0.353660613	0.481002408	1
0.135874633	0.57645095	1
0.788293478	0.540389858	1
0.691847037	0.506748563	1
0.222174609	0.519352301	1
0.627979593	0.513058819	1
0.139385748	0.47040473	1
0.86344444	0.616933589	1
0.280953674	0.502060607	1
0.164102381	0.473856481	1
0.229400812	0.503821114	1
0.595796438	0.822096969	0
0.182910352	0.493641322	1
0.720566737	0.603677473	1
0.658705363	0.424955338	1
0.089334523	0.564922466	1
0.598685915	0.44146829	1
0.700199484	0.56521314	1
0.641986989	0.492645627	1
0.219900883	0.492727168	0
0.532414174	0.521893051	1
0.380363698	0.338020973	1
0.049296897	0.589313238	1
0.470935512	0.46589829	1
0.595216418	0.701206063	0
0.073201798	0.578487285	1
0.861202787	0.362147381	1
0.75742398	0.733346261	0
0.041551162	0.473637256	1
0.093048574	0.484494735	1
0.760574975	0.297068444	1
0.946639324	0.416185072	1
0.905774749	0.402528664	1
0.414274294	0.547329604	1
0.944524411	0.414231622	1
0.1232184	0.788690393	0
0.122627911	0.579848561	1
0.384154985	0.543939297	1
0.10385761	0.497375443	1
0.078928914	0.567740933	1
0.420494258	0.489735787	1
0.754506352	0.100802805	0
0.461314827	0.45194884	1
0.040090319	0.460910237	1
0.954456525	0.357953055	1
0.414798457	0.458386697	1
0.725765323	0.327250438	1
0.179308925	0.546231461	1
0.702091101	0.330328685	1
0.854219128	0.353460197	1
0.937728832	0.373119291	1
0.884195921	0.359308509	1
0.605687646	0.841671535	0
0.87167068	0.728575778	0
0.665036265	0.446494641	1
0.824419713	0.418865335	1
0.034170454	0.596313979	1
0.889238929	0.407515564	1
0.706532962	0.088590351	1
0.954452859	0.327765365	1
0.581100807	0.450463169	1
0.295617512	0.50541783	1
0.090741619	0.565041904	1
0.044937079	0.577216002	1
0.825561555	0.72463005	0
0.549773237	0.279202743	1
0.824595319	0.700386463	0
0.0882156	0.51930739	1
0.943930341	0.69316528	0
0.047181569	0.630772017	1
0.459980153	0.372678736	0
0.946512068	0.682870171	0
0.504273993	0.458110811	1
0.945707283	0.363597774	1
0.18623189	0.498985722	1
0.459720922	0.463546631	1
0.303118425	0.501935667	1
0.441085964	0.610101301	1
0.891205307	0.388671838	1
0.79918107	0.386343032	1
0.931026637	0.430920206	1
0.898167104	0.767949062	0
0.943741976	0.418551096	1
0.892707091	0.407063658	1
0.931355802	0.420126084	1
0.908481521	0.438971921	1
0.652731616	0.402832451	1
0.880888011	0.421430902	1
0.136486769	0.547815962	1
0.888735706	0.810755462	0
0.723529882	0.500421275	1
0.061731947	0.530684107	1
0.152995793	0.518701281	1
0.182188122	0.527976277	1
0.315721705	0.497152875	1
0.639082087	0.574519277	1
0.041363903	0.590915948	1
0.643481733	0.577487679	1
0.227011127	0.544934988	1
0.098014729	0.565890399	1
0.267465787	0.506063981	1
0.336266845	0.566180191	1
0.42002889	0.443265888	1
0.079173417	0.569576968	1
0.952982731	0.346910308	1
0.514186058	0.433760669	1
0.596718616	0.706955739	0
0.389349411	0.453631422	1
0.198209164	0.453234236	1
0.135395671	0.474024739	1
0.582417362	0.281532091	0
0.196146682	0.534080027	1
0.024994764	0.654972153	1
0.81588912	0.470119462	1
0.026707814	0.659306288	1
0.294891208	0.497748243	1
0.094732525	0.497903315	1
0.456393714	0.457725329	1
0.248092225	0.499143051	1
0.890034565	0.385197439	1
0.937207511	0.370267217	1
0.095800328	0.566878139	1
0.889101684	0.380530389	1
0.358292581	0.316460357	1
0.116292362	0.569369464	1
0.426653537	0.44972951	1
0.642380615	0.436602258	1
0.328086194	0.502345531	1
0.69627948	0.312898066	1
0.493275308	0.439548589	1
0.430723177	0.42402395	1
0.135439686	0.442460789	0
0.629014703	0.241051516	0
0.135036039	0.562752583	1
0.149650781	0.620613395	1
0.540018191	0.753377725	0
0.725220938	0.459419434	1
0.740311827	0.7352198	0
0.819375677	0.758147943	0
0.14161939	0.533397972	1
0.251809228	0.348595863	1
0.096665554	0.570764155	1
0.880974494	0.334756593	1
0.884369645	0.483144191	1
0.073538428	0.553066213	1
0.759671416	0.534719398	1
0.691072255	0.738409347	0
0.136464114	0.48680764	1
0.472397465	0.420200851	1
0.546376853	0.43756188	1
0.825565686	0.691939514	0
0.132047756	0.548303407	1
0.304414423	0.497603592	1
0.85165618	0.361430715	1
0.116721537	0.501599651	1
0.684577934	0.413289395	1
0.415458064	0.420918201	1
0.24715426	0.5234926	1
0.248904453	0.424912715	1
0.041881066	0.62209094	1
0.44087613	0.596963902	1
0.804846618	0.381197858	1
0.238247009	0.497033181	1
0.596018921	0.406827574	1
0.029520393	0.627028402	1
0.941704236	0.340094232	1
0.90548676	0.775600024	0
0.750313462	0.746940795	0
0.682148567	0.262574388	0
0.155832356	0.603720928	1
0.353402761	0.278839542	1
0.874105103	0.363148177	1
0.71905367	0.39618304	1
0.718420963	0.417368561	1
0.933626339	0.399010341	1
0.841483905	0.467655447	1
0.678282664	0.386524639	1
0.864668242	0.474261651	1
0.128371838	0.538765384	1
0.608083216	0.392989129	1
0.664828439	0.404405905	1
0.946426449	0.392317152	1
0.479590491	0.632189124	1
0.737156667	0.86508502	0
0.951348501	0.410397926	1
0.044958316	0.598615014	1
0.906439284	0.329728407	1
0.129692292	0.534834724	1
0.36376631	0.238683268	1
0.547439621	0.615921901	1
0.312584339	0.53634189	0
0.334967679	0.454258145	1
0.155920432	0.520910511	1
0.939558878	0.371509017	1
0.863155221	0.4258088	1
0.108540343	0.538903676	1
0.747355048	0.416690408	1
0.920649019	0.320515911	1
0.834929833	0.399192233	1
0.200096535	0.544908824	1
0.535930809	0.503412231	1
0.607618439	0.383362717	1
0.193559027	0.640199014	1
0.068373954	0.565542189	1
0.935068719	0.360968089	1
0.332156414	0.467896348	1
0.935587763	0.340111494	1
0.041188093	0.617943913	1
0.344496367	0.466735355	1
0.831617534	0.618682698	1
0.357970365	0.480391694	1
0.127566456	0.575377179	1
0.811443967	0.414180954	1
0.334859115	0.495609508	1
0.429744372	0.629006449	1
0.679526436	0.295400997	1
0.173009303	0.542558142	1
0.185116137	0.656562949	1
0.679417099	0.289338849	1
0.129661427	0.553343626	1
0.63293229	0.392287114	1
0.064914611	0.521258445	1
0.08186519	0.579437425	1
0.933436786	0.377998235	1
0.135277732	0.542067197	1
0.70664147	0.416029607	1
0.013606793	0.711673093	1
0.766623162	0.831355822	0
0.217913351	0.862326035	0
0.132050949	0.773713699	0
0.551105347	0.400681488	1
0.165474719	0.573750293	1
0.06114631	0.591653514	1
0.531799118	0.431386091	1
0.087906391	0.557995173	1
0.739952795	0.459465215	1
0.681012635	0.444974513	1
0.779466526	0.453060321	1
0.07358407	0.582712213	1
0.068240204	0.583227827	1
0.331090585	0.45184597	1
0.531059333	0.434195758	1
0.671462779	0.31954325	1
0.638893558	0.416886057	1
0.726314226	0.429449678	1
0.583631843	0.417964809	1
0.9242789	0.48751694	1
0.564358168	0.400759265	1
0.915009742	0.490085738	1
0.583572535	0.417706396	1
0.686685208	0.410464521	1
0.018994639	0.665133755	1
0.470121399	0.58705075	1
0.622838091	0.435893663	1
0.343270478	0.615747208	1
0.301509506	0.560395428	1
0.114309554	0.598118264	1
0.240858613	0.540598462	1
0.926985422	0.382699699	1
0.014668567	0.744939539	1
0.878120693	0.467972138	1
0.571081959	0.411146449	1
0.070386241	0.708042178	1
0.93669245	0.495571927	1
0.232173637	0.398425453	1
0.312599463	0.786693902	0
0.264265207	0.779020955	0
0.073963512	0.589613666	1
0.633946262	0.43890862	1
0.404020455	0.251498023	1
0.636210193	0.437342565	1
0.080718139	0.597153315	1
0.073434941	0.592099899	1
0.511435877	0.532349154	1
0.143512822	0.45818526	1
0.074332414	0.420786986	1
0.462125883	0.474216599	1
0.610200653	0.578389811	1
0.319049487	0.494592718	1
0.144211565	0.480791367	1
0.934433731	0.646157141	0
0.885961953	0.680168589	0
0.232764478	0.493802443	1
0.028539575	0.77293775	1
0.553306933	0.445178	1
0.481406534	0.520491098	1
0.774158592	0.521037308	1
0.461224159	0.518813649	1
0.397774022	0.549118422	1
0.090131657	0.582019736	1
0.60886382	0.545852293	1
0.161427227	0.462182616	1
0.174196469	0.475526941	1
0.426817931	0.469711229	1
0.66350294	0.572267532	1
0.283633288	0.489828622	1
0.660394155	0.573475334	1
0.067975076	0.607113717	1
0.699875306	0.745326764	0
0.141636058	0.633772699	1
0.319468781	0.445462265	1
0.106543947	0.501566044	1
0.944316282	0.692048276	0
0.129772937	0.522619914	1
0.397832495	0.5619907	1
0.157567559	0.5144291	1
0.727121783	0.247113181	0
0.50385072	0.516079829	1
0.096634351	0.404383415	1
0.062485449	0.537863201	1
0.315554639	0.581570423	1
0.369387471	0.591012754	1
0.074608445	0.487671878	1
0.168986407	0.533704934	1
0.214960705	0.590217357	1
0.329414032	0.219343337	1
0.9522455	0.649443864	1
0.930119169	0.721359203	0
0.525220915	0.315202848	1
0.011425211	0.702532911	1
0.290864422	0.617028389	1
0.191538803	0.51947927	1
0.851344607	0.658818783	1
0.442212507	0.314016634	1
0.032237389	0.619247549	1
0.463491196	0.316038176	1
0.126403871	0.48989823	1
0.316489081	0.63887293	1
0.487611098	0.155971098	1
0.058134974	0.453390151	1
0.411637604	0.351866298	1
0.313101438	0.243190332	1
0.280797591	0.101027384	0
0.182652433	0.29325081	1
0.368482588	0.284540247	1
0.346542165	0.321081015	1
0.663183668	0.335791491	1
0.453160144	0.389644498	1
0.263082608	0.884326233	0
0.906963693	0.783263771	0
0.187282446	0.426823608	0
0.080142839	0.552457583	1
0.438781296	0.43230338	1
0.232890873	0.545989453	1
0.46593562	0.457026361	1
0.46740492	0.15227118	0
0.419897312	0.392234144	1
0.167510127	0.51337177	1
0.398194613	0.537544728	1
0.377487784	0.535385034	1
0.238723763	0.552848412	1
0.248581068	0.456367609	1
0.740172307	0.704842965	0
0.312290362	0.418583288	1
0.381042142	0.470639782	1
0.940132952	0.693375103	0
0.949036327	0.718094014	0
0.085659205	0.518874365	1
0.795219076	0.685113063	0
0.946763132	0.717538238	0
0.075204756	0.549450251	1
0.273284901	0.472531348	1
0.084207557	0.39484416	1
0.275314723	0.051720242	0
0.285632917	0.458038238	1
0.087650735	0.414504759	1
0.187633232	0.507112014	1
0.19273796	0.530061527	1
0.112078471	0.584837188	1
0.877475469	0.708512186	0
0.751589234	0.364687125	0
0.892306813	0.710519326	0
0.913596781	0.775477807	0
0.051607471	0.563610933	1
0.804490641	0.759115742	0
0.093430063	0.51935584	1
0.934091933	0.794295702	0
0.087456601	0.579984755	1
0.950467028	0.79462605	0
0.138112721	0.383050179	1
0.821410543	0.674475319	0
0.036035599	0.414348092	1
0.902594471	0.76250384	0
0.929924412	0.783765735	0
0.360032148	0.598320791	1
0.333711773	0.326181178	1
0.193517082	0.345515341	1
0.232744233	0.453560373	1
0.102922591	0.471157777	1
0.324538066	0.605592673	1
0.206378176	0.529784067	1
0.77586367	0.806180806	0
0.727686873	0.744906538	0
0.140823415	0.422955075	0
0.907528373	0.714360782	0
0.905719478	0.714056577	0
0.902562262	0.714541224	0
0.944733824	0.856702471	0
0.91371223	0.673586365	0
0.682555785	0.809830094	0
0.042739526	0.592298082	1
0.205854356	0.48123856	1
0.660263356	0.294382844	0
0.182425777	0.539404476	1
0.934953112	0.709883443	0
0.145809068	0.528851134	1
0.824339404	0.243904429	0
0.690481553	0.033297165	0
0.117616922	0.410182744	1
0.950965482	0.713272322	0
0.95094337	0.858620369	0
0.035603661	0.584179436	1
0.10707168	0.52605308	1
0.874582595	0.692450364	0
0.945006702	0.719346949	0
0.796433605	0.291096841	0
0.884902967	0.702852179	0
0.205278594	0.465825271	1
0.051249	0.570618854	1
0.110429275	0.513105773	1
0.821865289	0.286032426	1
0.617011725	0.321584795	1
0.622369295	0.327505062	1
0.921495894	0.352420357	1
0.064186866	0.55579452	1
0.716330015	0.303011291	1
0.690481509	0.286895953	1
0.621592125	0.142170813	0
0.117588645	0.537664236	1
0.953555918	0.306885951	1
0.031288426	0.592891457	1
0.810396404	0.273591915	0
0.877285242	0.335256401	0
0.055212123	0.549838006	1
0.053184502	0.550977177	1
0.795441033	0.27582673	0
0.937782272	0.298970405	0
0.935455113	0.363352391	1
0.913224603	0.33863013	0
0.883620455	0.370797415	1
0.596618839	0.308383328	1
0.372808945	0.332082028	1
0.590560826	0.253926536	0
0.243041382	0.514559427	1
0.029648936	0.394003109	1
0.636122847	0.402559748	0
0.033004956	0.560585535	1
0.13267178	0.337677224	1
0.14618232	0.377235033	1
0.397003267	0.477248828	1
0.057349737	0.596049122	1
0.172055156	0.659004198	1
0.032409285	0.549355995	1
0.233637328	0.445414678	1
0.179331643	0.395415122	1
0.425326544	0.496325007	1
0.081562907	0.525732219	1
0.239443024	0.450234289	1
0.736892732	0.270762722	0
0.248079807	0.503091062	1
0.257796291	0.487593466	1
0.614388188	0.710470506	0
0.084443401	0.504937837	1
0.836062269	0.675898773	0
0.840898427	0.316051397	0
0.950734528	0.649199277	0
0.151469354	0.475123673	1
0.936500532	0.365971826	0
0.024289936	0.576039159	1
0.054674222	0.574664785	1
0.282972469	0.471494034	1
0.410335804	0.495419635	1
0.133282479	0.504027743	1
0.158408797	0.507937089	1
0.101218388	0.496329703	1
0.039411134	0.612019434	1
0.871437915	0.793317656	0
0.945007236	0.727699906	0
0.026063441	0.576408488	1
0.063572309	0.523880066	1
0.145167309	0.465280765	1
0.068475965	0.513728631	1
0.110494762	0.486554739	1
0.837591132	0.416930004	1
0.889964282	0.423987617	1
0.880454592	0.422981228	1
0.737429173	0.398969722	1
0.870429554	0.4331945	1
0.949734815	0.772938028	0
0.115275411	0.474552769	1
0.158788344	0.490741896	1
0.953924151	0.831213087	0
0.780336306	0.884656526	0
0.108254387	0.522929413	1
0.096819833	0.553135128	1
0.049084866	0.531101683	1
0.226683018	0.444663025	1
0.087347967	0.536552222	1
0.602192056	0.944039423	0
0.760893902	0.411210179	1
0.946202789	0.35542312	1
0.933491898	0.381502958	1
0.059804823	0.571209617	1
0.659380111	0.849148444	0
0.831973484	0.40949009	1
0.935915596	0.384458583	1
0.046730063	0.52735497	1
0.902136725	0.301418145	1
0.066764936	0.505279085	1
0.066763571	0.528656831	1
0.049096836	0.50046592	1
0.044875362	0.591207058	1
0.783164505	0.798225867	0
0.022624857	0.629513091	1
0.043962309	0.580051534	1
0.727012131	0.232458848	1
0.099155773	0.488869137	1
0.089875296	0.481969781	1
0.912052051	0.863688014	0
0.055665152	0.611084898	1
0.70473009	0.231737132	1
0.068019188	0.552025453	1
0.704343538	0.23429063	1
0.726066488	0.233568914	1
0.045246373	0.521781878	1
0.020275685	0.610657618	1
0.020507077	0.605493229	1
0.387959958	0.425069424	1
0.042115174	0.520840645	1
0.144400433	0.51340302	1
0.614391483	0.7277417	0
0.882457939	0.297825895	1
0.90151542	0.345022801	1
0.635805084	0.735920466	0
0.026709125	0.652469744	1
0.137864224	0.490113075	1
0.953021844	0.803876448	0
0.612794843	0.789390447	0
0.690241172	0.625344609	0
0.051044297	0.522189641	1
0.886792568	0.773210194	0
0.836168883	0.434729669	1
0.672458538	0.404922184	1
0.850541956	0.432131204	1
0.846362572	0.430199554	1
0.855402375	0.43040239	1
0.070027847	0.531473195	1
0.020581871	0.621183987	1
0.324767559	0.416845911	1
0.029994953	0.627630222	1
0.199411048	0.466948403	1
0.025774843	0.643515725	1
0.049216449	0.546036841	1
0.952959319	0.309854894	1
0.221898115	0.446300778	1
0.75060784	0.703958468	0
0.211783121	0.435884908	1
0.19949378	0.515727521	1
0.503976665	0.448359295	1
0.949871239	0.366598603	1
0.017799056	0.599720299	1
0.953852858	0.751256628	0
0.083052874	0.475331863	1
0.02668421	0.613810437	1
0.091249533	0.487324511	1
0.046099718	0.512178257	1
0.065674409	0.593382315	1
0.048655516	0.580164909	1
0.069374987	0.471648363	1
0.220020565	0.510983756	1
0.54042963	0.425352937	1
0.717045672	0.450711444	1
0.722888233	0.451557177	1
0.163959326	0.532443273	1
0.12990432	0.518945508	1
0.156358982	0.521586214	1
0.044664051	0.643937826	1
0.051116325	0.607361986	1
0.031467352	0.624765977	1
0.568418174	0.811978219	0
0.123510826	0.477469676	1
0.043413768	0.597724522	1
0.053883917	0.510083796	1
0.914836638	0.288653317	1
0.041756679	0.588560655	1
0.952536538	0.713264794	0
0.047469285	0.599708157	1
0.85762348	0.688847996	0
0.750543554	0.399699053	1
0.070679116	0.527639275	1
0.909394215	0.297655192	1
0.10502934	0.537745726	1
0.609874126	0.938352695	0
0.151843761	0.483652684	1
0.090038197	0.521367888	1
0.786089213	0.240702411	1
0.065407739	0.520559499	1
0.104802539	0.589509721	1
0.107191981	0.545767252	1
0.923663561	0.335673829	0
0.067242279	0.560944212	1
0.785559267	0.394307886	1
0.044374619	0.537349932	1
0.915011755	0.819421999	0
0.807580516	0.921568335	0
0.193666256	0.478376235	1
0.915470688	0.717872721	0
0.059520478	0.609835951	1
0.071137175	0.563435207	1
0.06083593	0.575910521	1
0.196531241	0.493293617	1
0.121741436	0.486606061	1
0.313854941	0.43279979	1
0.108854685	0.48499952	1
0.523288411	0.766519428	0
0.829818824	0.717900016	0
0.176959261	0.463589297	0
0.856937077	0.796927905	0
0.074710567	0.579153262	1
0.342802016	0.743916717	0
0.05304871	0.590601294	1
0.954164082	0.832252946	0
0.116880456	0.471615237	0
0.957491583	0.76038381	0
0.378692449	0.660120192	0
0.889370458	0.749331714	0
0.61532908	0.716312577	0
0.301457826	0.666401805	0
0.106849245	0.556389327	1
0.059288072	0.60740804	1
0.132079149	0.563708962	1
0.080283344	0.53391519	1
0.853539677	0.847544789	0
0.915836919	0.362768383	1
0.0892943	0.505552489	1
0.054489329	0.563121112	1
0.887245555	0.377967789	1
0.022380235	0.589460396	1
0.828986593	0.343897932	1
0.88970183	0.41258376	1
0.848234592	0.340866737	1
0.027667115	0.601224924	1
0.020299149	0.579906135	1
0.760998425	0.359963229	1
0.860316224	0.351315885	1
0.782974683	0.752935725	0
0.058983012	0.571415078	1
0.869133838	0.347320385	1
0.857986811	0.812489328	0
0.049750103	0.602451339	1
0.846467855	0.699359539	0
0.813375232	0.695747608	0
0.69933139	0.793286226	0
0.79556265	0.366578429	1
0.283399621	0.436786434	1
0.774188595	0.39683976	1
0.75168806	0.419970503	1
0.909151085	0.402638618	1
0.098490925	0.602789464	1
0.096150029	0.481329882	1
0.734499919	0.721385161	0
0.187473591	0.475917712	1
0.060936492	0.569536176	1
0.373394343	0.512042978	1
0.276688531	0.530551397	1
0.056760543	0.541782545	1
0.903504061	0.30718938	1
0.793896727	0.270178038	1
0.063485801	0.550272458	1
0.954622561	0.645601422	0
0.19409466	0.468754756	1
0.126753716	0.471612138	1
0.070110804	0.577781865	1
0.241661401	0.468242382	1
0.930866948	0.783454165	0
0.091434302	0.557123402	1
0.904836157	0.790940518	0
0.688560013	0.796392004	0
0.830328692	0.81354	0
0.059035761	0.583128401	1
0.729756492	0.727974225	0
0.186903713	0.554194385	1
0.596346347	0.337783413	1
0.046329881	0.569187391	1
0.044944388	0.569099469	1
0.05778331	0.58992281	1
0.953306991	0.71907303	0
0.060709521	0.539608676	1
0.108783931	0.516408488	1
0.087162007	0.503063915	1
0.076905416	0.560509158	1
0.876002728	0.802386362	0
0.941670174	0.74236004	0
0.131042211	0.478969732	0
0.206107461	0.457204446	0
0.75459554	0.753928505	0
0.098153832	0.578338559	1
0.056527158	0.64420251	1
0.080284542	0.563605499	1
0.498895671	0.368342698	0
0.243719325	0.556734134	1
0.224599303	0.565311731	1
0.921577621	0.710833666	0
0.091994165	0.52823051	1
0.949417954	0.737098691	0
0.941554921	0.828169062	0
0.71620123	0.851889008	0
0.792876811	0.794100298	0
0.823370518	0.859363551	0
0.817078842	0.455518425	1
0.110810286	0.462393594	1
0.172863877	0.494991405	1
0.793739935	0.456373078	1
0.29404667	0.586530224	0
0.847684366	0.851661899	0
0.22510133	0.607850793	0
0.071190828	0.50292443	1
0.646939793	0.334460723	1
0.452870355	0.433179383	1
0.554293646	0.423973211	1
0.756974149	0.453370053	1
0.635658622	0.43644397	1
0.513065461	0.426858524	1
0.549857467	0.341595537	1
0.772939605	0.854062095	0
0.066726501	0.50648623	1
0.804993526	0.932595764	0
0.10123413	0.515941735	1
0.33381059	0.423153677	1
0.035451093	0.567440828	1
0.680592396	0.26365882	1
0.055121566	0.570225015	1
0.753636743	0.746274439	0
0.871691505	0.764843797	0
0.80544877	0.735209473	0
0.075909947	0.540561382	1
0.806299422	0.262306219	1
0.049384056	0.550890683	1
0.028197785	0.593976076	1
0.919157877	0.348664165	1
0.484023997	0.418755297	1
0.949342216	0.338458331	1
0.826964152	0.368259402	1
0.914589259	0.351246668	1
0.508763151	0.415212974	1
0.874322038	0.359210602	1
0.063813425	0.561980027	1
0.03858974	0.592877369	1
0.60488095	0.817278603	0
0.912531577	0.330962342	0
0.027365008	0.637874209	1
0.779065944	0.326917575	1
0.567818662	0.344420276	1
0.927115389	0.318469121	1
0.664711655	0.333862641	1
0.045534673	0.604308527	1
0.04221266	0.574028247	1
0.076693744	0.505939284	1
0.673195804	0.296103377	1
0.070446004	0.508694128	1
0.01779599	0.657327071	1
0.134267789	0.516810791	1
0.12971534	0.471860366	1
0.155791209	0.456342564	1
0.821343242	0.316694093	1
0.08535033	0.577476398	1
0.265890713	0.501256602	1
0.065826037	0.577657949	1
0.088980481	0.59736737	1
0.425782865	0.027592462	0
0.046551514	0.644699776	1
0.03540889	0.633668087	1
0.861052381	0.331237148	1
0.083636807	0.69023646	1
0.091797757	0.597216587	1
0.099806956	0.557529336	1
0.445195834	0.477872062	1
0.758450094	0.336150522	1
0.585424305	0.409049362	1
0.241687084	0.465973089	1
0.348848363	0.479872814	1
0.094441854	0.569912218	1
0.36913802	0.455293249	1
0.041584622	0.615067232	1
0.575502072	0.81061996	0
0.061177878	0.588321869	1
0.396836552	0.351411328	1
0.704004746	0.316611173	1
0.633780141	0.335209875	1
0.150125285	0.428603496	1
0.951623757	0.889654454	0
0.055425853	0.642411066	1
0.239261369	0.406030725	0
0.126909448	0.40924413	1
0.063693567	0.54457593	1
0.071084165	0.552406654	1
0.440479697	0.700124133	0
0.507406558	0.428903205	1
0.347979055	0.417839359	1
0.6758395	0.312988339	1
0.572683086	0.328645248	1
0.406414466	0.355801941	1
0.160365515	0.434312852	1
0.518495302	0.437286422	1
0.479260404	0.640781915	0
0.181296834	0.428448051	1
0.081487227	0.571164352	1
0.493869071	0.411458425	1
0.068231037	0.539095737	1
0.236353116	0.26035074	0
0.095390439	0.54965955	1
0.825606976	0.929039296	0
0.814333744	0.459558366	1
0.622759205	0.437806187	1
0.740270033	0.455117395	1
0.528018175	0.425132689	1
0.787312296	0.461221804	1
0.25362224	0.686263399	0
0.136318081	0.47083662	1
0.552536633	0.322746381	1
0.706414827	0.364710068	1
0.906703657	0.335718089	1
0.699540201	0.175847468	0
0.913151177	0.410782668	1
0.06894843	0.570479166	1
0.230568238	0.477065848	1
0.956083729	0.906070493	0
0.241086695	0.483570811	1
0.77152608	0.24636193	1
0.106166815	0.543784111	1
0.736987728	0.707497835	0
0.027365941	0.615663806	1
0.192834798	0.692918352	0
0.254762972	0.454720739	1
0.260735855	0.470206998	1
0.781537448	0.331567323	1
0.054736192	0.582659943	1
0.089605862	0.551038967	1
0.568782557	0.244846774	1
0.097623219	0.535184323	1
0.946151223	0.875607847	0
0.513104011	0.623570514	0
0.952993582	0.350956883	1
0.817365868	0.663274446	0
0.95261561	0.354097762	1
0.699241347	0.329762237	1
0.647855659	0.318108367	1
0.759968908	0.246361669	1
0.568783106	0.247876824	1
0.865435571	0.895414766	0
0.181365286	0.502598244	1
0.076282981	0.577329547	1
0.110187515	0.532680126	1
0.098027675	0.568919272	1
0.740476947	0.655451995	0
0.071458765	0.56876176	1
0.126806294	0.557562714	1
0.058615143	0.578198642	1
0.099113726	0.555880415	1
0.020511746	0.64526706	1
0.379002098	0.421975452	1
0.050729245	0.601741862	1
0.895808341	0.385465576	1
0.12630829	0.548702739	1
0.914496059	0.32890231	1
0.230837896	0.472222946	1
0.104768005	0.536172998	1
0.032120846	0.618011947	1
0.416234072	0.504549127	0
0.105821721	0.57765991	1
0.149971196	0.516493933	1
0.124144667	0.538941527	1
0.901601554	0.382063727	1
0.869700796	0.384974614	1
0.148237857	0.512744536	0
0.937696529	0.396956044	1
0.129779449	0.587275031	1
0.033771841	0.622764704	1
0.064237683	0.62129897	1
0.861782458	0.378864838	1
0.065065577	0.586658575	1
0.107754814	0.578541787	1
0.124783711	0.553911076	1
0.489896214	0.420597683	1
0.112156025	0.50051052	1
0.121690608	0.53775092	1
0.109207845	0.563628111	1
0.914677264	0.614921752	0
0.024305785	0.615259279	1
0.070755338	0.589475569	1
0.111872083	0.583575532	1
0.946902627	0.401517984	1
0.214448543	0.673696633	0
0.074423816	0.611957702	1
0.103593607	0.57173814	1
0.113833292	0.572655772	1
0.050587939	0.612210415	1
0.254017955	0.464819412	1
0.118515732	0.572546086	1
0.356527528	0.740469179	0
0.708149127	0.946786422	0
0.042308833	0.585019853	1
0.189888685	0.480810537	1
0.09945696	0.563298424	1
0.812409181	0.328348553	1
0.118621178	0.561943421	1
0.732758911	0.415105698	1
0.796316563	0.215691629	1
0.829623216	0.710900771	0
0.067542267	0.560127499	1
0.101511292	0.504183852	1
0.013796878	0.666442957	1
0.884098301	0.304105037	1
0.601634578	0.216872126	1
0.130856855	0.473123679	1
0.799275503	0.214200557	1
0.602286574	0.213020061	1
0.014322138	0.672683028	1
0.060447272	0.596190528	1
0.07477599	0.55578355	1
0.120784805	0.516005182	1
0.137731647	0.547110532	1
0.686082805	0.71418018	0
0.057644802	0.59311861	1
0.851996579	0.329361264	1
0.242413495	0.450240456	1
0.139174713	0.554231811	1
0.801815878	0.331864357	1
0.337661824	0.806831932	0
0.178561452	0.482519402	1
0.929877941	0.725235117	0
0.096098172	0.548741306	1
0.801843385	0.791694354	0
0.169224218	0.536816637	0
0.317680877	0.548802015	1
0.172598936	0.539607661	1
0.960214883	0.745004082	0
0.4181896	0.379247284	1
0.937381054	0.364422897	1
0.05099936	0.628425016	1
0.062098736	0.598834415	1
0.109830492	0.535686103	0
0.131520747	0.490903297	0
0.295826167	0.417435055	1
0.772312092	0.508171261	1
0.8372128	0.526219245	1
0.34108142	0.46197939	1
0.398674233	0.475601021	1
0.363042549	0.468970693	1
0.473529015	0.425306667	1
0.254930812	0.562560398	1
0.933647313	0.7219273	0
0.314761056	0.764485455	0
0.159156095	0.457457376	1
0.068869055	0.530242149	1
0.71009029	0.76419522	0
0.963444806	0.756252898	0
0.096993187	0.531325497	1
0.773994986	0.79532816	0
0.11191608	0.515872397	1
0.116484304	0.56555517	1
0.100898589	0.554350203	1
0.699568942	0.799493776	0
0.196490961	0.442693753	1
0.941682112	0.75847537	0
0.091125113	0.556778357	1
0.17127154	0.531932229	1
0.192757971	0.640097221	1
0.080063615	0.588681624	1
0.076035013	0.48379017	1
0.109126772	0.606672413	1
0.160361483	0.53307139	1
0.664591336	0.740589459	0
0.830345653	0.795665904	0
0.79810192	0.690949308	0
0.064419259	0.592770946	1
0.06709539	0.537701364	1
0.945912069	0.801400884	0
0.904714006	0.806465867	0
0.945551778	0.754457804	0
0.936769147	0.744194116	0
0.127565946	0.513804098	1
0.547207522	0.765834912	0
0.951968964	0.821084097	0
0.070945172	0.513286181	1
0.909649061	0.280459077	0
0.098595616	0.551413949	1
0.105853205	0.514875451	1
0.077280775	0.595238386	1
0.067308399	0.548196774	1
0.057488142	0.537179935	1
0.794920923	0.735113042	0
0.846517438	0.712289935	0
0.838144882	0.788755576	0
0.096663429	0.51752625	1
0.080720665	0.502458346	1
0.595516914	0.779497036	0
0.548339734	0.876444049	0
0.905695487	0.807379902	0
0.693506069	0.774846307	0
0.031301382	0.578895903	1
0.948295404	0.771297626	0
0.955334486	0.772744504	0
0.052651786	0.581490584	1
0.837447359	0.834179216	0
0.084771757	0.494086134	1
0.896091439	0.733347856	0
0.317265568	0.445623615	1
0.117382075	0.562109158	1
0.065967519	0.588130871	1
0.077913454	0.525859563	1
0.913320212	0.8375366	0
0.304951495	0.464778461	1
0.090037936	0.509186057	1
0.913555824	0.704514469	0
0.649761662	0.775800498	0
0.100033044	0.527641398	1
0.799811847	0.270169479	0
0.130188854	0.500477664	1
0.624658975	0.371877032	0
0.833445842	0.675408038	0
0.057401226	0.648685294	1
0.20997971	0.445167761	1
0.102497481	0.571650375	1
0.083290353	0.557543362	1
0.869564784	0.763414047	0
0.133953851	0.505060906	1
0.778607377	0.89495571	0
0.866909166	0.813163219	0
0.844838576	0.77910756	0
0.10090667	0.525290792	1
0.585435152	0.936448569	0
0.063924147	0.591276778	1
0.028500054	0.512211859	1
0.06494513	0.521012926	1
0.066907805	0.542964934	1
0.948392804	0.818316174	0
0.0535246	0.534956853	1
0.134236513	0.557974059	1
0.956141685	0.646593613	0
0.614520918	0.711656001	0
0.104690944	0.477482958	1
0.757245478	0.246160391	0
0.171068815	0.439469868	1
0.069335167	0.502677171	1
0.034063952	0.597180289	1
0.778009993	0.408238183	0
0.044862491	0.539812395	1
0.828539618	0.755048959	0
0.903225715	0.814880768	0
0.953207688	0.780910001	0
0.742757146	0.880371856	0
0.177444945	0.442691271	1
0.47565128	0.373880335	0
0.068576738	0.500178653	1
0.181109779	0.46231813	1
0.828614245	0.789962442	0
0.954739443	0.779344384	0
0.262702254	0.4462285	1
0.11225894	0.509179379	1
0.113336481	0.490089925	1
0.937469326	0.29873785	0
0.166679566	0.465065252	1
0.169899558	0.465057124	1
0.059259688	0.633254638	1
0.050532844	0.621905516	1
0.856759771	0.786646396	0
0.094326164	0.510600542	1
0.105772847	0.555282586	1
0.745146852	0.283033481	0
0.126745369	0.542122216	1
0.124262832	0.541005903	1
0.934017677	0.692419687	0
0.919602852	0.747568049	0
0.939818588	0.803322409	0