0.794327343	0.611967635	0
0.723731026	0.580707787	0
0.94238305	0.31118002	1
0.908062388	0.322448834	1
0.632500639	0.366775874	1
0.159779936	0.446733308	1
0.79707488	0.528493562	0
0.139284901	0.462379914	1
0.036078672	0.724775397	1
0.92797492	0.62335049	0
0.461958167	0.402297019	1
0.432321691	0.393832292	1
0.844900886	0.619775287	0
0.897491408	0.333885981	1
0.636685471	0.434460745	1
0.998321593	0.423774473	1
0.291318127	0.469193495	1
0.310018702	0.585375064	1
0.45313897	0.426122799	1
0.864464065	0.279082311	1
0.789106478	0.365337243	1
0.693526182	0.252298612	1
0.21316585	0.532439723	1
0.374352521	0.48160413	1
0.786365429	0.557912328	0
0.217609334	0.54779841	1
0.623099303	0.707043571	0
0.691309019	0.719653945	0
0.32403051	0.538502343	0
0.256324343	0.417789867	1
0.298219929	0.466190389	1
0.268510107	0.587113536	1
0.762178863	0.760705128	0
0.319210815	0.625792603	1
0.330430758	0.391083287	1
0.813212063	0.581836372	0
0.137596846	0.53035271	1
0.091784317	0.506880496	1
0.383892562	0.611940893	0
0.506876394	0.417872923	1
0.355345938	0.493664845	1
0.140145723	0.537367209	1
0.403008277	0.397473543	1
0.809382653	0.463077825	1
0.221599354	0.504880361	1
0.704541195	0.439587401	1
0.514033811	0.473804133	1
0.560509981	0.480999353	1
0.786338922	0.937965983	0
0.610511684	0.303138141	1
0.123999048	0.572598744	1
0.493390682	0.374412446	1
0.622841775	0.313531603	1
0.828555475	0.539587009	0
0.194823646	0.510287133	1
0.428710597	0.525385098	0
0.856758033	0.494036753	1
0.282389502	0.4376087	1
0.799893119	0.725756854	0
0.396220465	0.457465748	1
0.533917624	0.51917289	0
0.375846307	0.50672911	1
0.647190439	0.561182301	0
0.301329597	0.444140859	1
0.878910873	0.587588372	0
0.884784996	0.744649084	0
0.929195783	0.600144768	0
0.886335662	0.44901635	1
0.110778659	0.572826671	1
0.857214284	0.802155231	0
0.737104207	0.558971371	0
0.126389679	0.528689533	1
0.585987969	0.4682004	1
0.659181144	0.582161034	0
0.478909681	0.794159139	0
0.873795795	0.359107981	1
0.601832333	0.530827365	0
0.863318149	0.362528224	1
0.886607715	0.588435328	0
0.145000861	0.568577584	1
0.050160891	0.609484886	1
0.837100743	0.708744238	0
0.806908797	0.574004911	0
0.749476835	0.406302198	1
0.751200779	0.626548166	0
0.682212289	0.428732711	1
0.433125362	0.626166872	0
0.176154182	0.510697994	1
0.813639006	0.767860883	0
0.542363535	0.392114275	1
0.95437988	0.617645153	0
0.876126544	0.397403666	1
0.876721554	0.610351926	0
0.280862186	0.697755693	0
0.374619942	0.507777386	1
0.654236373	0.568205862	0
0.434288581	0.538940857	0
0.164262589	0.518434028	1
0.670691575	0.635836113	0
0.839773737	0.597935049	0
0.322755179	0.568080849	1
0.366541707	0.451516051	1
0.761616199	0.584169647	0
0.937569846	0.582552382	0
0.735033262	0.678305693	0
0.822685327	0.567008947	0
0.676898585	0.549891465	0
0.946624496	0.626859226	0
0.37094733	0.490684733	1
0.339713618	0.599853958	0
0.890427023	0.590348397	0
0.126180621	0.543915899	1
0.945827486	0.803109933	0
0.092594335	0.816644046	0
0.6954013	0.629015638	0
0.666111069	0.763900425	0
0.620378651	0.628053947	0
0.733192924	0.567675925	0
0.876105043	0.385186711	0
0.150081909	0.567364358	1
0.876849546	0.64170252	0
0.129499465	0.560500691	1
0.208071775	0.618241493	0
0.873206309	0.709115268	0
0.115718628	0.577886823	1
0.852730811	0.617072157	0
0.92958435	0.785356457	0
0.882684208	0.389407714	0
0.261691656	0.487058968	1
0.143847866	0.492588556	1
0.430768203	0.526133302	1
0.150499426	0.515591326	1
0.775010532	0.664874613	0
0.737955926	0.52912278	0
0.674243047	0.552309908	0
0.884288443	0.392400842	0
0.887723067	0.398239929	0
0.902694661	0.593858077	0
0.823202248	0.466177459	0
0.954816363	0.625663684	0
0.905536578	0.587347035	0
0.305633411	0.467742459	1
0.773675437	0.684220106	0
0.36371918	0.512901691	1
0.791128695	0.572437597	0
0.794369721	0.576911995	0
0.525020353	0.793106072	0
0.837870873	0.450522338	1
0.687584633	0.686931942	0
0.833017761	0.589808753	0
0.072534583	0.616261439	1
0.695658749	0.627811666	0
0.075566333	0.617770749	1
0.885661267	0.590556459	0
0.842767369	0.58427654	0
0.382252218	0.502785554	0
0.594074659	0.528168677	0
0.639848807	0.538616323	0
0.862843993	0.409334003	1
0.829034001	0.532612724	0
0.756652944	0.566950574	0
0.893635222	0.584553606	0
0.833355643	0.404952665	1
0.926807257	0.64328909	0
0.782242169	0.572533797	0
0.867480644	0.611669502	0
0.695437309	0.710793728	0
0.587492388	0.654194434	0
0.84386088	0.40256614	1
0.744893417	0.56692966	0
0.891897471	0.407445905	1
0.954869384	0.621873357	0
0.875437516	0.604108409	0
0.538598752	0.536514645	0
0.355616807	0.537417933	1
0.852790586	0.670724646	0
0.916879648	0.598315225	0
0.792207107	0.574690139	0
0.94482835	0.571391943	0
0.746649516	0.5775958	0
0.702456129	0.642846844	0
0.85348432	0.586513213	0
0.954883084	0.570254508	0
0.84783113	0.594278257	0
0.560074666	0.651103302	0
0.786214466	0.502059617	0
0.418813776	0.588097514	0
0.388206598	0.505580542	0
0.736664197	0.573190334	0
0.164921077	0.519409831	1
0.754480786	0.785435515	0
0.760771392	0.57024997	0
0.683578556	0.655397387	0
0.850986568	0.584781057	0
0.677751076	0.634278483	0
0.159970669	0.538171885	1
0.701341198	0.775692986	0
0.165052649	0.546040076	1
0.217124272	0.570052818	1
0.715168237	0.806437904	0
0.899371577	0.59286895	0
0.762075485	0.570160006	0
0.067293938	0.637794908	1
0.774441292	0.704343289	0
0.563275637	0.616078519	0
0.95185885	0.624621018	0
0.681402523	0.692794523	0
0.676810349	0.818229186	0
0.846300076	0.607251144	0
0.954853834	0.56835654	0
0.625872408	0.643396897	0
0.235709011	0.520810899	1
0.497009524	0.605165896	0
0.831703798	0.546813328	0
0.691166695	0.706344368	0
0.757284798	0.576152106	0
0.265211292	0.526355273	1
0.835624714	0.538752905	0
0.946743785	0.555977919	0
0.468133378	0.601627205	0
0.849902819	0.593022072	0
0.73924004	0.565610023	0
0.785486068	0.744501291	0
0.926574174	0.389913204	0
0.38120959	0.511232044	0
0.29869195	0.552997365	1
0.954655545	0.793946969	0
0.93509039	0.552395802	0
0.772517101	0.583918764	0
0.432786874	0.68389015	0
0.835898217	0.618804258	0
0.617113263	0.785510992	0
0.717271092	0.571035496	0
0.843212213	0.551898234	0
0.498996612	0.565138628	0
0.354459562	0.682077842	0
0.65087995	0.560763779	0
0.630304414	0.644382615	0
0.429021319	0.680401137	0
0.577559951	0.646002204	0
0.799522675	0.616218179	0
0.946494219	0.555306398	0
0.924771829	0.606140752	0
0.316438968	0.620991499	0
0.247635	0.605883039	0
0.267988634	0.51492245	1
0.212448304	0.503107633	1
0.670302377	0.63742965	0
0.416033962	0.586969615	0
0.687500252	0.599414609	0
0.943089269	0.553903516	0
0.625746338	0.635243193	0
0.238123643	0.531565902	1
0.796325322	0.48689524	1
0.493529653	0.600705267	0
0.891742598	0.58622525	0
0.771490665	0.519672085	0
0.9399495	0.440663431	0
0.720611008	0.779303981	0
0.57931655	0.582145207	0
0.874575687	0.651857974	0
0.5510475	0.898044145	0
0.946862707	0.578875998	0
0.480674799	0.598326527	0
0.577179255	0.58079021	0
0.873313829	0.56952772	0
0.364989788	0.51690187	1
0.535651013	0.627955456	0
0.877768971	0.814181841	0
0.437362287	0.590671429	0
0.726662965	0.542551624	0
0.662295191	0.632747882	0
0.700267415	0.538808192	0
0.680871666	0.636901573	0
0.751042813	0.618438884	0
0.615723021	0.618283886	0
0.763997631	0.527796591	0
0.943907871	0.591691251	0
0.892683007	0.576042567	0
0.944556659	0.582124068	0
0.820793748	0.516531798	0
0.82232353	0.611342636	0
0.742405898	0.547058656	0
0.908289603	0.554073404	0
0.849427284	0.703128505	0
0.56075175	0.598712317	0
0.569748984	0.51774334	0
0.846356717	0.548022979	0
0.609666597	0.404012911	0
0.789072923	0.531449783	0
0.723245659	0.53655642	0
0.936268182	0.494753085	0
0.855222097	0.5736357	0
0.764416675	0.528846248	0
0.240195812	0.528170826	1
0.854190534	0.614362389	0
0.078607925	0.480708817	0
0.182203338	0.503827248	1
0.738751415	0.634633935	0
0.71870201	0.690886069	0
0.774583998	0.633036114	0
0.918478553	0.582373235	0
0.662770084	0.711942165	0
0.690551389	0.7090449	0
0.811279644	0.562586764	0
0.744267693	0.54182392	0
0.954898931	0.582085138	0
0.703390507	0.693254914	0
0.793220337	0.656676499	0
0.911578764	0.563998758	0
0.514087063	0.647863785	0
0.562926391	0.617865344	0
0.293378226	0.583194025	0
0.118321365	0.575225636	1
0.709026861	0.714880473	0
0.86171912	0.566227034	0
0.801909691	0.536135965	0
0.124671122	0.578892924	1
0.807240903	0.526547475	0
0.654902438	0.512548113	0
0.588841241	0.478773346	0
0.65120436	0.689857849	0
0.423095404	0.512569637	0
0.494214495	0.473885107	1
0.111765536	0.58706204	1
0.797825012	0.522618207	0
0.814712422	0.786604653	0
0.781245366	0.760818825	0
0.58705209	0.477509038	0
0.262182951	0.56149922	1
0.839443071	0.563331986	0
0.51098877	0.529391427	0
0.934908964	0.553517473	0
0.900449976	0.810484613	0
0.88514199	0.607564425	0
0.952906545	0.577507077	0
0.791961263	0.635545749	0
0.384466647	0.736948816	0
0.655836388	0.630601652	0
0.875024491	0.535619327	0
0.733057671	0.51734483	0
0.665788641	0.794703187	0
0.84474626	0.514838311	0
0.250121815	0.482715778	1
0.892692854	0.501673943	0
0.91014276	0.559770074	0
0.354205185	0.517706229	1
0.950864511	0.654372609	0
0.916312293	0.583828445	0
0.809656553	0.549442226	0
0.47175571	0.65366646	0
0.660562145	0.529637709	0
0.790932618	0.647563248	0
0.720636732	0.556517162	0
0.55590616	0.658994134	0
0.764606356	0.684696822	0
0.258637952	0.554894273	0
0.938159319	0.541399801	0
0.711977957	0.689054015	0
0.554057848	0.660576009	0
0.777632202	0.454251692	0
0.848397966	0.51569329	0
0.54322361	0.648866437	0
0.844505678	0.592132468	0
0.943893146	0.60481007	0
0.112728263	0.701920838	0
0.769454683	0.650415376	0
0.045141555	0.629956725	1
0.735898229	0.558987672	0
0.878747403	0.601791587	0
0.835503883	0.570478089	0
0.973691876	0.752421437	0
0.484097559	0.493973768	0
0.926142105	0.710395071	0
0.78114385	0.64857706	0
0.663511071	0.556585324	0
0.352898255	0.542448825	1
0.840014015	0.621958871	0
0.747607157	0.492161811	0
0.689779619	0.343234394	0
0.941918547	0.587381912	0
0.168842839	0.305333142	1
0.948178321	0.648401383	0
0.678613659	0.682644311	0
0.246393863	0.418136721	1
0.454147495	0.7117731	0
0.4720098	0.748327813	0
0.791906799	0.375557687	1
0.595605312	0.745141494	0
0.696177719	0.536995695	0
0.163234918	0.5484245	1
0.944733975	0.822001732	0
0.179934679	0.551721081	1
0.374551782	0.462830128	1
0.281465512	0.435503083	1
0.827291549	0.673929193	0
0.601141582	0.747595204	0
0.068949269	0.624404586	1
0.836010422	0.847184603	0
0.045705752	0.648435425	1
0.660832978	0.694124502	0
0.209633682	0.489738194	1
0.79930074	0.923028017	0
0.707947999	0.5727949	0
0.680835128	0.618787677	0
0.953190047	0.514778226	0
0.715589399	0.625132174	0
0.662267013	0.691412012	0
0.641642332	0.608120866	0
0.731809065	0.708994958	0
0.759495719	0.596041159	0
0.678348866	0.796499461	0
0.135231802	0.528547973	1
0.527972994	0.480155245	1
0.595571359	0.607850634	0
0.184129809	0.526414461	1
0.691057819	0.856853548	0
0.739967115	0.724722448	0
0.642901226	0.63507724	0
0.492350562	0.670340463	0
0.078717447	0.596117346	1
0.782809462	0.649826602	0
0.489062935	0.333232552	1
0.225913148	0.522705979	1
0.671255113	0.745227423	0
0.858805837	0.385197823	1
0.118192727	0.526202685	1
0.684341061	0.634509096	0
0.887580142	0.433971575	1
0.916881385	0.390736667	1
0.682750689	0.406360201	1
0.535067145	0.646044891	0
0.687437011	0.595350545	0
0.421030137	0.472961278	1
0.601513058	0.772732009	0
0.447579553	0.607164962	0
0.303523354	0.527137567	1
0.404666986	0.818627343	0
0.863657176	0.622726264	0
0.342816439	0.499300917	1
0.945653941	0.459400057	1
0.845892975	0.62363338	0
0.622049254	0.575632584	0
0.953147157	0.632876177	0
0.848711623	0.643116721	0
0.716392402	0.653747281	0
0.719992029	0.406356788	1
0.693930128	0.598367931	0
0.953287223	0.63124134	0
0.608261399	0.586626135	0
0.242942937	0.52934799	1
0.723509517	0.626675559	0
0.941001462	0.488309759	0
0.809768997	0.551421655	0
0.953872859	0.619090963	0
0.191671856	0.531839497	1
0.908243769	0.569499177	0
0.336538717	0.485407048	1
0.783997846	0.644079537	0
0.945422488	0.485949695	0
0.327776714	0.612349946	0
0.849675395	0.727027308	0
0.894309377	0.565558216	0
0.916921178	0.648160225	0
0.278402217	0.484108532	1
0.50676829	0.448194291	0
0.657438142	0.758782558	0
0.813180076	0.633670868	0
0.536359292	0.659867141	0
0.820470673	0.5016095	0
0.336315723	0.614345353	0
0.431762765	0.46513407	1
0.784424294	0.632042119	0
0.776882668	0.697598122	0
0.731590678	0.695320662	0
0.41541778	0.46996783	1
0.581772448	0.583219043	0
0.201800544	0.525784486	1
0.95349514	0.542007085	0
0.459981472	0.639529994	0
0.899934447	0.610150614	0
0.880422484	0.66376714	0
0.953775422	0.361934946	1
0.845442869	0.797145262	0
0.590022611	0.8540032	0
0.913462165	0.52428573	0
0.687292654	0.807129357	0
0.869337604	0.664282144	0
0.750262167	0.512611666	0
0.376741719	0.654367906	0
0.899490231	0.610637458	0
0.414047936	0.766234234	0
0.925394602	0.703184871	0
0.604037475	0.860269886	0
0.108303357	0.588302721	1
0.933729372	0.552689538	0
0.671768155	0.73844765	0
0.209238806	0.547739725	1
0.173998968	0.591732087	1
0.267150151	0.491132494	1
0.816476319	0.671350229	0
0.577038311	0.512954242	1
0.84519028	0.629711859	0
0.871002047	0.536858038	0
0.243993458	0.509923097	0
0.841469318	0.81576139	0
0.774283009	0.688654186	0
0.924896266	0.647196425	0
0.881493896	0.352246504	1
0.836765786	0.626935488	0
0.89618349	0.356104773	1
0.803597076	0.502525276	0
0.671469485	0.609107157	0
0.57052259	0.599277424	0
0.350499445	0.520983874	0
0.587382656	0.564546686	0
0.820026012	0.832546239	0
0.68897868	0.522484328	0
0.38650541	0.500813532	0
0.888649935	0.34435258	1
0.278501636	0.568073808	1
0.310136593	0.49070401	1
0.627374909	0.70610115	0
0.70651264	0.445422181	1
0.194653867	0.57210988	1
0.258261952	0.510470994	1
0.865281831	0.603160767	0
0.684888728	0.440255838	1
0.606823975	0.695948527	0
0.953623787	0.538558285	0
0.277652993	0.567056805	1
0.322843349	0.301427995	1
0.404500301	0.698029085	0
0.544155379	0.726286739	0
0.920696464	0.564842066	0
0.732898732	0.697394742	0
0.238565008	0.543288471	1
0.631097975	0.747815475	0
0.938365373	0.520007787	0
0.933048785	0.401964486	1
0.123461152	0.585383476	1
0.119862582	0.594258254	1
0.394462634	0.242207192	1
0.881443184	0.403627544	1
0.676282713	0.720220917	0
0.757623555	0.431271055	1
0.796685401	0.67051529	0
0.277724916	0.455181458	1
0.22735948	0.637507265	0
0.145018645	0.61471091	1
0.905900514	0.559941734	0
0.380000238	0.45598258	1
0.70759762	0.424562692	1
0.788202937	0.494182978	0
0.795303576	0.55174322	0
0.237378271	0.514010655	1
0.094471024	0.617428182	1
0.59696361	0.451343422	0
0.121639462	0.596802972	1
0.93400281	0.397471674	1
0.78452864	0.61710005	0
0.147729326	0.559017731	1
0.938835131	0.377291869	1
0.321756592	0.497638409	1
0.615973896	0.452007861	1
0.745056316	0.512425202	0
0.129713328	0.503725084	1
0.166043409	0.613832994	1
0.622969705	0.824475308	0
0.546269332	0.370579919	1
0.562493419	0.518582299	1
0.2038795	0.585171613	1
0.604129823	0.374856892	1
0.240969866	0.485123385	1
0.94259273	0.559089549	0
0.25804379	0.49917308	1
0.713943394	0.766693161	0
0.095935885	0.585755291	1
0.767927506	0.405327517	1
0.896127205	0.555168699	0
0.644404735	0.331461111	1
0.158548544	0.550631694	1
0.295290671	0.4759577	1
0.193262565	0.382757892	1
0.923649158	0.409038881	0
0.699258461	0.758371407	0
0.588672311	0.452819476	0
0.553311863	0.680042957	0
0.954413444	0.640542082	0
0.852327107	0.612929165	0
0.480643816	0.436874769	1
0.737178882	0.339343911	1
0.380510894	0.494915924	0
0.27565734	0.509866999	1
0.194035663	0.48865473	1
0.604385787	0.754573956	0
0.812863823	0.829358475	0
0.127328027	0.590986419	1
0.710695337	0.542406507	0
0.853787484	0.825453653	0
0.142152668	0.505889773	1
0.177276748	0.564072252	1
0.152519589	0.570742349	1
0.849175127	0.661675402	0
0.682325134	0.603518409	0
0.570362847	0.610422413	0
0.939004438	0.651950735	0
0.513534412	0.718221056	0
0.789395774	0.590673454	0
0.803317001	0.78978921	0
0.713019225	0.573249573	0
0.950279907	0.678885963	0
0.575224156	0.604675538	0
0.351623681	0.470267383	1
0.499426412	0.716199876	0
0.779655841	0.540934335	0
0.218771263	0.549833123	1
0.921196683	0.849963058	0
0.939239661	0.640710884	0
0.69797367	0.877294371	0
0.783451059	0.633515097	0
0.709389829	0.604583313	0
0.525026297	0.721354906	0
0.92199935	0.647289082	0
0.952029193	0.580491531	0
0.914095073	0.653132769	0
0.184856205	0.533944925	1
0.397174705	0.477407941	1
0.931224767	0.530224008	0
0.343840742	0.579416127	0
0.721263653	0.536761895	0
0.950011482	0.691021407	0
0.93866825	0.633991348	0
0.93243928	0.533210117	0
0.580313183	0.733238433	0
0.689048594	0.682940469	0
0.10099476	0.602734901	1
0.206844376	0.545082426	1
0.691899073	0.649328154	0
0.948218874	0.577926633	0
0.895468559	0.580932598	0
0.103531926	0.606850643	1
0.677503324	0.764250508	0
0.953378418	0.578942274	0
0.490736735	0.714537614	0
0.459321851	0.65325289	0
0.907089893	0.674298045	0
0.933305773	0.6328987	0
0.770161095	0.435710199	1
0.849679147	0.653195945	0
0.468527039	0.583799587	0
0.840844028	0.553811104	0
0.681215039	0.682929898	0
0.255876166	0.408942807	1
0.082462949	0.564456551	1
0.89022518	0.618825155	0
0.058919838	0.671494057	1
0.950902668	0.651230341	0
0.857619058	0.554885866	0
0.435947693	0.650019359	0
0.948028389	0.654858175	0
0.637054455	0.668386618	0
0.551419677	0.558729805	0
0.88230739	0.62761267	0
0.874828467	0.720062421	0
0.947840432	0.596991465	0
0.9537714	0.578510271	0
0.843204288	0.523798347	0
0.532362923	0.655167316	0
0.287871841	0.456544537	1
0.577019048	0.72378472	0
0.806554426	0.609859699	0
0.118292148	0.584202858	1
0.912787578	0.601665802	0
0.25191962	0.570155516	1
0.939942276	0.759411673	0
0.648798325	0.701236043	0
0.647556519	0.555381587	0
0.513630402	0.475697001	1
0.920588261	0.632914991	0
0.38850356	0.534348995	0
0.549216595	0.653831063	0
0.409422076	0.548734914	0
0.897732314	0.639092304	0
0.809435709	0.448729404	0
0.308037297	0.457633022	1
0.815909725	0.819637622	0
0.234191799	0.575453995	1
0.793758444	0.410847767	0
0.929302286	0.816438307	0
0.692342425	0.426995009	0
0.630123511	0.561279088	0
0.090376393	0.604411351	1
0.152407622	0.545829737	1
0.099843585	0.745054783	0
0.43769452	0.688445257	0
0.526998607	0.529340981	0
0.904484672	0.600365144	0
0.576620066	0.778165889	0
0.906300167	0.580761017	0
0.917118389	0.346894384	1
0.772445862	0.760995976	0
0.075605929	0.630747147	1
0.752601633	0.629293877	0
0.741631174	0.287061309	1
0.077025408	0.599878395	1
0.953877411	0.578996989	0
0.920075534	0.449977502	1
0.740053777	0.700101033	0
0.509819294	0.559164377	0
0.527843066	0.73047552	0
0.720581139	0.625136944	0
0.676488198	0.795534386	0
0.235386248	0.432651792	1
0.210404168	0.633739092	1
0.106125339	0.552492645	1
0.939714935	0.707545077	0
0.527354022	0.65152951	0
0.47408382	0.558196747	1
0.900080235	0.461599271	1
0.571030787	0.488320679	0
0.836895033	0.533697633	0
0.536226515	0.62847205	0
0.958645719	0.442826193	1
0.68172328	0.471527989	0
0.532369586	0.657817789	0
0.06844637	0.592729297	1
0.070190469	0.609894475	1
0.156846613	0.610504394	1
0.751349483	0.594223053	0
0.943500681	0.438429678	1
0.50546442	0.569495091	1
0.810317246	0.623745403	0
0.909558539	0.440779495	0
0.913792275	0.43561245	0
0.837965064	0.771784333	0
0.776801006	0.776452237	0
0.914865377	0.460151985	1
0.646034385	0.575324921	0
0.941722486	0.632791052	0
0.306211784	0.590129823	0
0.550306615	0.455384239	1
0.790786904	0.52517431	0
0.459649635	0.773226641	0
0.470839941	0.496692998	1
0.868723953	0.674272437	0
0.902462203	0.625432063	0
0.476677926	0.642081624	0
0.803710236	0.648179446	0
0.406542733	0.551585619	1
0.879189074	0.595974724	0
0.934924493	0.438126828	1
0.878088752	0.67368685	0
0.665391938	0.607356861	0
0.85480099	0.760349237	0
0.516861845	0.649853697	0
0.756733312	0.619239352	0
0.510145532	0.728887714	0
0.502899135	0.502171672	1
0.666562822	0.571569806	0
0.870449185	0.779460603	0
0.255075761	0.703290481	0
0.535168232	0.648611902	0
0.357573853	0.69868641	0
0.742827784	0.618758827	0
0.421016865	0.50196485	1
0.618348137	0.48140139	1
0.835935607	0.6525507	0
0.773565529	0.537548323	0
0.931473829	0.790909374	0
0.947463955	0.503384164	0
0.633113419	0.734119182	0
0.141008621	0.631088102	0
0.779635287	0.646301821	0
0.850237434	0.706311433	0
0.574976593	0.611685869	0
0.84142052	0.641964928	0
0.878878896	0.319022743	0
0.637825673	0.641088143	0
0.649430257	0.520632097	1
0.646977128	0.419979613	0
0.14309139	0.596952204	0
0.487694389	0.645975916	0
0.794058276	0.617770302	0
0.694334391	0.641414143	0
0.887096126	0.846234372	0
0.728634127	0.636105296	0
0.630854931	0.63954768	0
0.395180048	0.673489626	0
0.532240212	0.795947168	0
0.779671003	0.436915386	0
0.291065172	0.557078713	1
0.530551103	0.519891468	0
0.918992507	0.573582316	0
0.825657308	0.580910625	0
0.742627611	0.694025079	0
0.823608064	0.618065981	0
0.901940811	0.70477839	0
0.739534129	0.49272429	0
0.543470464	0.830725717	0
0.430250758	0.843989154	0
0.087502479	0.595507956	1
0.357449724	0.431019714	1
0.235797152	0.464880649	1
0.25125205	0.479974391	1
0.817686157	0.369428275	1
0.182968811	0.562569299	1
0.81450079	0.55203292	0
0.468610025	0.693191504	0
0.126691049	0.581593735	1
0.78044194	0.666566068	0
0.910974186	0.367382434	1
0.044775645	0.647126397	1
0.921400557	0.680862419	0
0.589529768	0.463714874	1
0.627592091	0.41008411	1
0.750184996	0.414871978	1
0.236788106	0.611501727	1
0.828428202	0.561108898	0
0.328984185	0.855030575	0
0.07474666	0.685435601	1
0.314008113	0.542988521	1
0.791818057	0.35508927	0
0.711299752	0.399582264	1
0.04635574	0.648557529	1
0.635635418	0.754581724	0
0.170945221	0.584549254	1
0.920329332	0.526583692	0
0.392620002	0.495463355	1
0.515385368	0.707671856	0
0.411161925	0.861093001	0
0.873169747	0.798193964	0
0.19291132	0.627268118	1
0.614950991	0.641251971	0
0.086586689	0.69400138	1
0.175394535	0.623219735	1
0.281708844	0.358636649	1
0.49313882	0.763759285	0
0.740501334	0.704052431	0
0.217192387	0.767028337	0
0.12269661	0.597929361	1
0.779427243	0.683424317	0
0.412304827	0.687287744	0
0.689678281	1	0
0.19370126	0.555849409	1
0.784163898	0.41757367	0
0.953838807	0.374242343	1
0.480074747	0.501248293	1
0.095301814	0.582689397	1
0.259621643	0.480230488	0
0.417305732	0.796284759	0
0.634790639	0.460005632	1
0.935330835	0.391783636	1
0.862161142	0.414600861	1
0.075187544	0.621174392	1
0.319973625	0.409354207	0
0.603435288	0.581867195	0
0.817934145	0.644917508	0
0.870599273	0.722960177	0
0.927084191	0.429874164	1
0.818119199	0.517810489	0
0.411067186	0.502057129	1
0.890668399	0.629263634	0
0.420715499	0.656462311	0
0.569041818	0.645512058	0
0.174890216	0.525716103	1
0.198387933	0.518414277	1
0.784801705	0.579810431	0
0.773319068	0.408385884	1
0.442647669	0.651462331	0
0.923447789	0.507796423	0
0.918374716	0.469414254	0
0.33402937	0.517692102	1
0.837456537	0.647191932	0
0.681084436	0.49395097	1
0.681662828	0.796048605	0
0.879618623	0.558218746	0
0.724243505	0.803278322	0
0.143016432	0.593231705	1
0.274245992	0.540150917	1
0.470406576	0.483676808	1
0.233288495	0.511476402	1
0.799898906	0.71996001	0
0.55382793	0.671163353	0
0.658497475	0.575040733	0
0.947227174	0.45128155	1
0.956539999	0.448387259	1
0.068437889	0.662423337	1
0.831929279	0.891167129	0
0.895125616	0.435775346	1
0.773755579	0.504551574	0
0.894146313	0.429581712	1
0.296155523	0.535898221	1
0.162170375	0.580846196	1
0.756757202	0.710740112	0
0.904297319	0.793397688	0
0.337153422	0.496558203	1
0.907714595	0.620879953	0
0.470778759	0.667014209	0
0.412153713	0.780012285	0
0.958459057	0.454889116	1
0.844618121	0.583846572	0
0.91364397	0.776787263	0
0.546207666	0.595689903	0
0.40134568	0.593440011	0
0.86333104	0.760909701	0
0.954109793	0.454869615	1
0.749167443	0.591462342	0
0.88319689	0.808396983	0
0.770010185	0.370268195	0
0.364855195	0.491464284	1
0.902185774	0.591191525	0
0.668770319	0.718066493	0
0.833851144	0.686536623	0
0.862405438	0.366234032	0
0.087010122	0.572951862	1
0.777808263	0.569375465	0
0.769017084	0.459763185	0
0.335276842	0.534937016	1
0.529810411	0.697442985	0
0.74145673	0.675125324	0
0.644304563	0.556183209	0
0.521330435	0.530717816	0
0.341265214	0.704826795	0
0.466713347	0.640076522	0
0.300977324	0.649345033	0
0.294834712	0.745275525	0
0.910558749	0.784074806	0
0.833904929	0.531526467	0
0.047844918	0.322190628	1
0.554556303	0.86833237	0
0.341262929	0.45721645	0
0.484405715	0.546609492	0
0.585810072	0.183054993	1
0.594240699	0.787544176	0
0.382693867	0.51689464	1
0.898903044	0.587912067	0
0.820667954	0.357634534	1
0.25271991	0.568141279	1
0.827695308	0.734980462	0
0.669888352	0.681566484	0
0.439597712	0.664971974	0
0.283137052	0.572951011	0
0.909094063	0.568820564	0
0.355454666	0.657935485	0
0.933537298	0.687822081	0
0.343234208	0.776107956	0
0.665874694	0.70905368	0
0.896476262	0.529780888	0
0.800921562	0.678725755	0
0.573668156	0.616612748	0
0.321701808	0.561034226	1
0.601456543	0.60286054	0
0.772256181	0.648202766	0
0.683594646	0.633659765	0
0.739779406	0.643667974	0
0.690065604	0.634531645	0
0.685919507	0.633704398	0
0.951727109	0.694096563	0
0.839127871	0.65877436	0
0.700146732	0.633735527	0
0.694840555	0.706513942	0
0.816711823	0.7766967	0
0.452782818	0.660441812	0
0.906832708	0.4522441	1
0.084402487	0.623926643	1
0.228086406	0.561798904	1
0.655621995	0.681983778	0
0.168837782	0.628510685	1
0.098046191	0.572367203	1
0.949536571	0.757538075	0
0.742824692	0.691604089	0
0.879856857	0.466515035	1
0.736231047	0.684963426	0
0.353488274	0.763617521	0
0.900030831	0.362081935	1
0.748188342	0.454856637	0
0.749725135	0.526735145	0
0.38251052	0.515853022	0
0.500588206	0.60172291	0
0.841628032	0.705679538	0
0.294806013	0.537565599	1
0.171475952	0.551827342	1
0.065675411	0.659213398	1
0.862311568	0.436571128	1
0.664826356	0.794796132	0
0.952597868	0.349694107	1
0.164348603	0.517463906	1
0.901194782	0.810949587	0
0.769252411	0.659568108	0
0.377035845	0.520658323	1
0.778743348	0.652739811	0
0.868604535	0.443770878	1
0.180777384	0.747979136	0
0.289042573	0.612580641	1
0.875632366	0.886618633	0
0.946553391	0.793428595	0
0.696073612	0.674421042	0
0.071633713	0.664606007	1
0.267348019	0.594875825	0
0.914873287	0.701111146	0
0.623390716	0.772641717	0
0.327476187	0.484237518	1
0.719163702	0.555109505	0
0.666266296	0.561005563	0
0.456818927	0.505202756	0
0.212723328	0.591212735	1
0.617533201	0.617938145	0
0.628541793	0.56534505	0
0.414168362	0.824956137	0
0.400796612	0.497603918	1
0.953823488	0.503562669	0
0.676363757	0.549358814	0
0.714216634	0.457025844	0
0.296968991	0.777814596	0
0.933282371	0.751452064	1
0.162026497	0.680717537	1
0.127339077	0.665975674	1
0.162958283	0.685309377	1
0.336570294	0.772126097	0
0.351613088	0.455742682	1
0.949771136	0.551074261	0
0.471119257	0.721645934	0
0.685137514	0.649913882	0
0.601245964	0.557543771	0
0.52220172	0.549703421	0
0.198999619	0.811661684	0
0.486499133	0.849948394	0
0.063740259	0.652370578	1
0.068585655	0.656281527	1
0.365163075	0.786860798	0
0.722989605	0.782490837	0
0.857315648	0.522099848	0
0.079811319	0.679850006	1
0.870483746	0.474443788	1
0.938669303	0.450851293	1
0.867010691	0.476312758	1
0.710898921	0.671594492	0
0.604095497	0.590004961	0
0.332844983	0.516410032	1
0.100481402	0.682881901	1
0.156492038	0.616597076	1
0.835513429	0.396364064	1
0.771360817	0.463457795	0
0.030531288	0.670477121	1
0.051298771	0.632056556	1
0.066405347	0.617694866	1
0.694860027	0.404171804	1
0.706842699	0.399548897	1
0.095266644	0.679813813	1
0.186703603	0.606802034	1
0.905060853	0.458800012	0
0.675258154	0.614925444	0
0.819183238	0.468581259	1
0.60929549	0.546793009	0
0.327113911	0.663357934	0
0.460639417	0.689550965	0
0.567382928	0.517269995	1
0.840575288	0.459285421	0
0.807672359	0.497006348	0
0.483723834	0.652771439	0
0.271277723	0.46277304	0
0.48907219	0.516831001	1
0.701704852	0.687873447	0
0.466314644	0.484899494	1
0.428499235	0.48206318	0
0.599857772	0.727903588	0
0.8581958	0.690986319	0
0.206416244	0.735579625	0
0.302816621	0.532578324	1
0.121525722	0.774090671	0
0.243685003	0.721455431	0
0.382859356	0.492743362	1
0.174477775	0.564122477	1
0.594927674	0.527741478	0
0.852903361	0.458584945	0
0.758300746	0.784403097	0
0.669538412	0.661802025	0
0.879085552	0.458746955	1
0.737177784	0.658796008	0
0.573065187	0.721547084	0
0.918754549	0.62356694	0
0.841304809	0.652288946	0
0.277827446	0.527892267	1
0.247056893	0.751991475	0
0.453301953	0.482069557	1
0.848143323	0.459781585	0
0.060152729	0.627876103	1
0.621374905	0.427246666	0
0.569014115	0.715453566	0
0.749376018	0.43872459	1
0.757931183	0.432626183	1
0.873965439	0.528727392	0
0.506436556	0.710476737	0
0.456774878	0.498589834	1
0.124604065	0.585607967	1
0.377249397	0.480940968	1
0.60901628	0.4212052	0
0.50490253	0.547189209	0
0.380082499	0.673421822	0
0.148049842	0.664099851	1
0.679038114	0.523731606	0
0.654755986	0.498632633	0
0.102288567	0.637745757	1
0.305702013	0.508370947	1
0.613856513	0.653786447	0
0.686817708	0.433910939	1
0.55596916	0.455932103	0
0.946050489	0.741610315	1
0.476436307	0.765842633	0
0.091634526	0.657324643	1
0.918699307	0.501209937	1
0.689243685	0.711935194	0
0.575923711	0.746821894	0
0.951730984	0.768451745	1
0.281946454	0.512645782	1
0.822322349	0.470741385	1
0.893372035	0.524810359	0
0.721538339	0.641021964	0
0.424348823	0.788336082	0
0.404817651	0.438697057	1
0.944072355	0.663500877	0
0.491653919	0.431241785	1
0.880484597	0.703875255	0
0.323622799	0.538014643	0
0.171600948	0.558876973	1
0.218342964	0.521354519	0
0.88737455	0.509140876	1
0.73597735	0.519623851	1
0.577817798	0.763237328	0
0.797368547	0.479293662	1
0.318142863	0.29677554	1
0.934593784	0.543206521	0
0.453024527	0.462871752	1
0.335581288	0.505187827	1
0.658417859	0.647391541	0
0.90950225	0.45775202	0
0.531369961	0.515655536	0
0.952487545	0.665271934	0
0.688153392	0.556781518	1
0.749484655	0.416621446	1
0.524216413	0.712424856	0
0.633835785	0.579405128	0
0.389932154	0.600349945	0
0.347697096	0.647345842	0
0.641271121	0.484922235	0
0.158900691	0.559191494	1
0.166464734	0.556419451	1
0.131894077	0.571304417	1
0.892054208	0.485055913	0
0.231976458	0.510130081	0
0.167236232	0.631125772	0
0.949380122	0.744504425	0
0.601329138	0.539424354	0
0.882873547	0.71223329	0
0.182909152	0.574219751	1
0.882732362	0.530484464	0
0.652875448	0.646962768	0
0.639029371	0.938264231	0
0.777967361	0.858599677	0
0.828897242	0.590367506	0
0.782890569	0.814903321	0
0.553602807	0.766409751	0
0.854388906	0.757382818	0
0.428445438	0.76806122	0
0.085108776	0.60282128	1
0.187937181	0.560128358	1
0.567255976	0.784336758	0
0.620967937	0.802631975	0
0.945636896	0.412402054	1
0.509484219	0.620831234	0
0.886978372	0.588059054	0
0.370454514	0.490232985	1
0.569013737	0.830621769	0
0.232127455	0.594726285	1
0.63188575	0.664087968	0
0.922967701	0.417759399	1
0.71171144	0.689557434	0
0.562018743	0.631949302	0
0.070849351	0.478631732	1
0.410274482	0.462649511	0
0.133588356	0.563055122	1
0.277603384	0.683203519	0
0.867280512	0.468196529	0
0.827152582	0.281472683	1
0.752655653	0.7089549	0
0.888427961	0.741867304	0
0.269628204	0.565647523	1
0.822545929	0.620396018	0
0.721788215	0.636462631	0
0.591084955	0.642825841	0
0.666499568	0.448662751	0
0.267613637	0.621219831	1
0.905895106	0.470704595	1
0.143309936	0.570900422	1
0.940507138	0.482862162	0
0.775685778	0.586545661	0
0.8771716	0.719239724	0
0.267695474	0.58655591	1
0.694871544	0.860606432	0
0.801703633	0.632490695	0
0.406458203	0.493431653	1
0.733193024	0.67069902	0
0.398207135	0.67171231	1
0.883105848	0.577928855	0
0.853629287	0.715046886	0
0.636397434	0.744987116	0
0.279512563	0.563417842	1
0.828626716	0.650867256	0
0.765177134	0.612435312	0
0.914549035	0.766106727	0
0.8317453	0.622728625	0
0.100845782	0.537641383	0
0.278539358	0.661996637	0
0.901082456	0.507352288	0
0.686564676	0.862169521	0
0.847199548	0.728743342	0
0.80976211	0.641496155	0
0.938356196	0.643916032	0
0.638926641	0.642607505	0
0.666200949	0.645629979	0
0.314447367	0.786111825	0
0.858875897	0.616534682	0
0.941088105	0.699158531	0
0.771340738	0.594411013	0
0.743475003	0.715247302	0
0.918144491	0.563769648	0
0.929345001	0.621021429	0
0.574196052	0.683148669	0
0.511510163	0.806229774	0
0.558734235	0.744023231	0
0.956569269	0.581921281	0
0.900264115	0.732493705	0
0.681980616	0.658710619	0
0.725651611	0.524818878	0
0.360389427	0.64735712	0
0.765400736	0.555287423	0
0.850924292	0.642257536	0
0.923074365	0.502922101	0
0.839849969	0.652909882	0
0.797630748	0.681944546	0
0.870910866	0.659225802	0
0.20365627	0.654836185	0
0.868494324	0.547231907	0
0.841342696	0.543112137	0
0.143872398	0.599005928	1
0.6629836	0.844948219	0
0.135365066	0.597613961	1
0.706812666	0.727839968	0
0.115273888	0.624430512	1
0.559598081	0.677537065	0
0.549389192	0.569715749	0
0.599817985	0.6956529	0
0.377435227	0.548169254	1
0.636978187	0.549045531	0
0.238168876	0.551479793	1
0.160604867	0.55228031	1
0.82556635	0.616970389	0
0.128720227	0.584483407	1
0.944948646	0.476605459	1
0.100334737	0.63739225	1
0.919676867	0.469284725	1
0.590413084	0.787577819	0
0.87618745	0.647768632	0
0.728877171	0.661652284	0
0.253731854	0.65094253	0
0.302075123	0.43532566	0
0.759476469	0.676468655	0
0.697586196	0.695032824	0
0.723970086	0.649442946	0
0.230204834	0.585804871	1
0.743525225	0.693793884	0
0.865801442	0.655579267	0
0.943820816	0.469438015	1
0.823820694	0.54796944	0
0.421763579	0.782597666	0
0.947437023	0.473169133	1
0.851217514	0.410692864	0
0.747622608	0.586204657	0
0.845792864	0.668285453	0
0.191915269	0.571423999	1
0.422633305	0.703090302	0
0.927392134	0.756430534	0
0.829078486	0.545099385	0
0.820845456	0.655455173	0
0.436753928	0.674934606	0
0.585470948	0.676905379	0
0.950034773	0.655195496	0
0.104865106	0.714671182	1
0.659109742	0.558950629	0
0.413424671	0.472559985	1
0.236363928	0.585843042	1
0.719315377	0.55747807	0
0.934581973	0.748735491	0
0.836733545	0.714352867	0
0.735636068	0.566940319	0
0.552058532	0.569801619	0
0.377250678	0.508980603	1
0.632607301	0.780273986	0
0.76394022	0.677110884	0
0.587110917	0.678293653	0
0.888010094	0.651081044	0
0.120989312	0.619611617	1
0.306755532	0.513082372	1
0.814530549	0.467808457	1
0.796843388	0.645310606	0
0.199541364	0.457160286	0
0.133852354	0.549328962	1
0.662201587	0.672020755	0
0.119673261	0.616980027	1
0.582554294	0.702132309	0
0.413251755	0.454604673	1
0.90311586	0.626196609	0
0.881856423	0.626247154	0
0.87607692	0.448221952	0
0.700479504	0.396188352	1
0.768327586	0.45489977	1
0.170913981	0.641140825	1
0.120806777	0.60396429	1
0.125055882	0.551077577	1
0.587790703	0.478625304	1
0.801162676	0.362889017	1
0.942238502	0.788531109	0
0.595462509	0.706331104	0
0.835846735	0.752513044	0
0.440795306	0.541515206	0
0.777007248	0.683469938	0
0.955849571	0.486208277	1
0.735053502	0.429831312	1
0.605504855	0.542468389	0
0.299581414	0.525775007	1
0.319117062	0.767702556	0
0.89663808	0.653993105	0
0.520696724	0.848256	0
0.695310718	0.389239388	0
0.89032687	0.369676342	0
0.791703299	0.351954532	0
0.178522343	0.482511701	1
0.236973977	0.5588808	1
0.574915945	0.53366364	0
0.895120578	0.368579225	0
0.863890557	0.796207512	0
0.946400273	0.814677009	0
0.244467322	0.548149199	1
0.196748484	0.582446245	1
0.621741799	0.583665395	0
0.4185365	0.479881705	0
0.856363279	0.65831849	0
0.771212516	0.68744137	0
0.127471767	0.277573605	1
0.210991868	0.256382222	1
0.766667101	0.651405069	0
0.43122383	0.576967227	0
0.199908234	0.268975564	1
0.202377128	0.538781278	1
0.106144925	0.588468074	1
0.205423645	0.356024308	1
0.920086262	0.39989516	1
0.091971736	0.605995736	1
0.817494884	0.734660785	0
0.368429343	0.495572476	1
0.914957756	0.635003914	0
0.483233317	0.463511607	1
0.591668649	0.567690477	0
0.956403348	0.598791403	0
0.888247736	0.931044545	0
0.441772815	0.490931487	0
0.774309904	0.763548236	0
0.37210494	0.493482546	1
0.592096805	0.770657782	0
0.789238401	0.467734038	0
0.597120109	0.442686927	0
0.737943998	0.828375764	0
0.841046311	0.589181712	0
0.410156952	0.514290502	1
0.080285313	0.675421811	1
0.548674893	0.553267827	0
0.864739663	0.42809647	0
0.644472831	0.760353327	0
0.882659348	0.773022653	0
0.938613094	0.557060394	0
0.204258	0.56660814	1
0.556741321	0.636299121	0
0.747085144	0.762196562	0
0.509083611	0.713571961	0
0.353839379	0.489793591	1
0.728083923	0.594048208	0
0.347109103	0.713338694	0
0.911568068	0.659191762	0
0.198872949	0.702341043	1
0.736274467	0.763754431	0
0.963912369	0.703484749	0
0.284840545	0.452120646	1
0.220760777	0.566429403	1
0.765135869	0.589733788	0
0.367721258	0.526989201	0
0.791283129	0.628660649	0
0.875634582	0.458758501	0
0.206386597	0.542466496	0
0.828964952	0.404565083	1
0.572225926	0.449583505	1
0.685623286	0.530615342	0
0.827159726	0.799560811	0
0.948434712	0.898044792	0
0.56077387	0.539382173	0
0.899491411	0.429686085	0
0.651255126	0.314877476	0
0.287156638	0.503328941	0
0.096365787	0.645355862	1
0.363474355	0.520854788	1
0.636501798	0.768522372	0
0.365425073	0.724631836	0
0.600590357	0.43170097	0
0.386580732	0.493576677	0
0.951228274	0.397480438	0
0.800213153	0.390652724	1
0.697248126	0.439044175	1
0.523400319	0.723674765	0
0.457115882	0.572890184	0
0.763221218	0.506587924	1
0.941472315	0.391993909	0
0.620062862	0.359610997	0
0.441072421	0.584962055	1
0.740435746	0.605973681	0
0.899075962	0.315293159	0
0.877727638	0.373777196	0
0.89622583	0.174055524	0
0.483567122	0.485150938	0
0.755789224	0.749387371	0
0.883343795	0.827086543	0
0.176795446	0.692026376	0
0.947082498	0.702855516	0
0.17248848	0.498740265	0
0.414886835	0.627629711	0
0.342202524	0.330385923	0
0.464723562	0.6076087	0
0.947104683	0.703220021	0
0.890068036	0.524942206	0
0.884499517	0.692863464	0
0.470675643	0.423547973	0
0.744887562	0.398947225	0
0.860494337	0.270062091	0
0.869814314	0.687648129	0
0.23381656	0.523773279	1
0.586571445	0.303642565	0
0.667429089	0.316490213	0
0.474966104	0.626814376	0
0.598488921	0.633556743	0
0.182900687	0.553401231	1
0.855652922	0.429667443	0
0.269367149	0.318875798	1
0.186113929	0.524693913	1
0.077671077	0.635922367	0
0.734659885	0.672747247	0
0.51137734	0.496523987	1
0.546971205	0.740913442	0
0.594057017	0.314944907	0
0.526908202	0.577531817	0
0.498167273	0.650681738	0
0.558955545	0.469469541	1
0.657681729	0.618638096	0
0.064004369	0.584600325	1
0.113564675	0.589203633	1
0.086636941	0.595559483	1
0.490178474	0.452198882	1
0.520794774	0.481239912	1
0.945297585	0.368020517	1
0.727777009	0.856837171	0
0.500927664	0.074143975	1
0.322443927	0.421682146	1
0.773436253	0.583936655	0
0.946107941	0.364261137	1
0.403466006	0.336698721	0
0.915206827	0.506390459	0
0.398752704	0.428989184	0
0.914846421	0.178600726	1
0.42827096	0.443736792	0
0.150820192	0.660904917	1
0.686134902	0.501487427	0
0.265986191	0.32435755	1
0.57999548	0.499941013	0
0.930737404	0.361012791	1
0.345198706	0.508515566	1
0.581936687	0.658196539	0
0.776404099	0.720086049	0
0.508630611	0.463900067	0
0.502491817	0.245386278	1
0.582106181	0.6179303	0
0.638962398	0.425572052	1
0.071621935	0.631482549	1
0.877353235	0.432695945	1
0.353291457	0.507945813	1
0.913100715	0.36415898	1
0.225389715	0.316508834	1
0.67497323	0.156789067	1
0.698512955	0.281003155	1
0.241693256	0.352435857	1
0.269231739	0.300263779	1
0.099857521	0.281076619	1
0.558434645	0.305874452	1
0.94145173	0.37488631	1
0.280474116	0.302269587	1
0.267203046	0.331351333	0
0.264165756	0.330575009	0
0.454384293	0.345230645	0
0.179083979	0.299047891	1
0.835859685	0.322480069	1
0.592337586	0.204078327	1
0.214838191	0.430656303	1
0.800700722	0.652276624	0
0.780433095	0.785435255	0
0.285834328	0.51615988	1
0.274794141	0.354380983	1
0.175018708	0.171364892	1
0.121747203	0.590270953	1
0.175037808	0.141437583	1
0.73369493	0.304918023	1
0.329334205	0.196795195	1
0.745429913	0.553647413	0
0.933729032	0.311329986	1
0.60623914	0.561971589	0
0.310855681	0.460271997	0
0.416349773	0.337729367	0
0.942788369	0.404996956	1
0.288981246	0.476857114	0
0.054611394	0.618963502	1
0.952772369	0.196788802	1
0.385257399	0.03250557	1
0.302124169	0.052392694	1
0.488125567	0.505492649	0
0.461098636	0.712809355	0
0.229924801	0.464984412	0
0.446303004	0.606982531	0
0.524445069	0.410281418	1
0.869833645	0.457579233	0
0.731386563	0.061282373	1
0.415099203	0.315516544	1
0.375324705	0.083135691	1
0.86869258	0.040373522	1
0.059557364	0.17053114	1
0.895297465	0.088674225	1
0.749464658	0.046935036	1
0.215371946	0.490001888	0
0.77437938	0.662114321	0
0.697202914	0.100384475	1
0.638566994	0.384646236	1
0.899909902	0.471900304	1
0.32766357	0.293390152	1
0.344025632	0.296006351	1
0.653439569	0.000520216	1
0.661831277	0.36512508	1
0.255394039	0.519020906	0
0.501611022	0.592761977	0
0.366311289	0.581050896	1
0.757636397	0.2848703	1
0.133999045	0.315274358	0
0.791171789	0.423413893	1
0.407632504	0.308863217	1
0.308023382	0.300673182	1
0.258261944	0.320580474	1
0.778457557	0.292703011	1
0.544991138	0.430803629	1
0.920143646	0.604483449	0
0.230317412	0.356885746	1
0.654207959	0.610242149	0
0.227407849	0.566412132	1
0.481319845	0.481498534	1
0.844523882	0.855089391	0
0.170435942	0.328553526	1
0.273109693	0.304220858	1
0.282217962	0.514889874	1
0.734462533	0.396908294	1
0.733948888	0.389941353	1
0.519042374	0.128894414	1
0.564392822	0.656217801	0
0.714667914	0.117922899	1
0.825474766	0.368035753	1
0.252746515	0.364200968	1
0.796039206	0.16807274	1
0.01757327	0.156877925	1
0.720040959	0.73552648	0
0.716316974	0.133071709	1
0.669862225	0.619760047	0
0.283531844	0.509465785	1
0.574384145	0.656653007	0
0.855966209	0.288308528	1
0.387175987	0.455615677	0
0.278323344	0.327163371	0
0.144216162	0.377544833	0
0.164892697	0.581469901	1
0.117248287	0.840463712	0
0.701962092	0.458603375	1
0.237024829	0.511963493	1
0.576681948	0.455577621	1
0.619109891	0.872045697	0
0.409135741	0.611605671	0
0.895859604	0.386260335	0
0.180431662	0.301443021	0
0.388193061	0.400892721	0
0.460453082	0.36966121	0
0.574479332	0.614280818	0
0.489802352	0.420008388	0
0.184424945	0.304380069	0
0.42407714	0.606981632	0
0.702037078	0.688994602	0
0.600979757	0.506248043	0
0.414414117	0.404632571	0
0.859766916	0.489894269	1
0.866568985	0.752334619	0
0.215640362	0.344689275	0
0.418969512	0.874954026	0
0.702252456	0.689459517	0
0.862438166	0.756310383	0
0.203550036	0.339868196	0
0.912302772	0.753327302	0
0.602978343	0.616979808	0
0.434064456	0.484184766	1
0.430381495	0.424785892	0
0.384465497	0.523239138	0
0.355428648	0.503120898	1
0.715879515	0.559095105	1
0.57167241	0.44407823	0
0.45655569	0.442774498	0
0.917238379	0.758334652	0
0.895515633	0.654335508	0
0.753811742	0.397928845	1
0.794452467	0.647803801	0
0.369678462	0.483866193	1
0.764945151	0.496887557	0
0.142355473	0.659625312	1
0.353731996	0.349673526	1
0.046024762	0.194754476	1
0.295051484	0.525813743	1
0.683822133	0.558161178	0
0.252030574	0.508199539	1
0.077152075	0.618684752	1
0.623458995	0.829080024	0
0.860177848	0.469274846	1
0.554671591	0.487241108	0
0.90730581	0.372787648	1
0.851766427	0.530408973	0
0.218931327	0.535184565	1
0.864836084	0.416487821	1
0.665323802	0.681681004	0
0.946886799	0.63044483	0
0.627076046	0.715072456	0
0.636527156	0.658810945	0
0.936122255	0.713280742	0
0.714859985	0.683244555	0
0.190710725	0.702900678	0
0.809451469	0.49596324	0
0.931464796	0.658059179	0
0.85425484	0.627269974	0
0.104643351	0.604359239	1
0.767356315	0.701115551	0
0.491721564	0.502152982	0
0.513945622	0.595711319	0
0.512538279	0.607174929	0
0.311911048	0.638023129	0
0.899972742	0.811223063	0
0.151020002	0.58071244	1
0.050238558	0.782277376	1
0.906720263	0.360004651	1
0.346514363	0.648266139	0
0.171525351	0.529652999	1
0.229048085	0.517886861	1
0.127402824	0.563624793	1
0.332190237	0.515299033	1
0.424024825	0.59037621	1
0.862749356	0.381169812	1
0.226522018	0.52410733	1
0.778023183	0.32963545	1
0.767760213	0.314816949	1
0.673478846	0.71399472	0
0.580349816	0.597983694	0
0.892721594	0.481959743	1
0.367394205	0.787307285	0
0.520702162	0.615769724	0
0.504216068	0.398394374	1
0.390681475	0.591789885	1
0.405220668	0.45650876	1
0.197074782	0.560764127	1
0.41926368	0.49609454	1
0.165377227	0.653238474	1
0.836881395	0.832871037	0
0.237688257	0.712738336	0
0.492236839	0.597520926	0
0.652271895	0.294469447	0
0.803494468	0.354104379	1
0.912467364	0.810608788	0
0.926772691	0.626075311	0
0.298291693	0.363709544	0
0.739405384	0.800086312	0
0.826237921	0.828427739	0
0.770361381	0.80129079	0
0.667195442	0.651159407	0
0.091904355	0.624277603	1
0.475903121	0.40146275	0
0.625561834	0.54059323	0
0.3592944	0.376415855	0
0.750266737	0.350479757	1
0.253317891	0.284992422	1
0.340171253	0.506335476	1
0.357873555	0.602507475	0
0.147956132	0.563012648	1
0.547143242	0.667796753	0
0.919286538	0.531009202	0
0.607156286	0.737801059	0
0.280080012	0.513561492	1
0.160935116	0.572411144	1
0.777318046	0.613442439	0
0.943142531	0.387443599	1
0.625471738	0.667154566	0
0.847623137	0.59217839	0
0.544171704	0.615005143	0
0.818017431	0.541287517	1
0.708446245	0.843456212	0
0.35003468	0.522680989	1
0.269831505	0.510514992	1
0.75307307	0.734434122	0
0.245385769	0.437901685	1
0.856679229	0.464187996	0
0.800812816	0.690217481	0
0.514252572	0.879237732	0
0.86623717	0.706009397	0
0.657578108	0.442772953	1
0.924217863	0.650829075	0
0.962189721	0.760838436	0
0.760975541	0.781196822	0
0.249422191	0.513793178	1
0.217452577	0.550913486	1
0.629922829	0.854991265	0
0.902519682	0.775411899	0
0.324898622	0.481835202	1
0.508192605	0.830714496	0
0.485322154	0.581534979	0
0.443794341	0.505338139	1
0.109108754	0.611112925	1
0.479503716	0.937986089	0
0.94376792	0.368621852	1
0.510917881	0.46221661	1
0.241409515	0.581085717	1
0.308745878	0.538233525	1
0.864730226	0.74095423	0
0.521584663	0.508274743	1
0.461403876	0.876957007	0
0.645139121	0.824640846	0
0.290431172	0.558852315	1
0.932836848	0.775218578	0
0.463355735	0.476463842	1
0.296260812	0.514761913	1
0.941324739	0.3686127	1
0.738650165	0.829069773	0
0.558459665	0.600797477	0
0.400958684	0.668228512	0
0.768587098	0.355997051	1
0.675947902	0.80127919	0
0.52201744	0.493159418	1
0.888916638	0.416075532	1
0.870626091	0.702691242	0
0.883800287	0.421243973	1
0.259352328	0.526439595	1
0.710562504	0.478825444	1
0.546338945	0.612661792	0
0.533313931	0.500126951	1
0.533956873	0.490933065	1
0.092385367	0.687591032	1
0.633844298	0.460595728	1
0.792447454	0.83550507	0
0.930711271	0.433605406	1
0.166936933	0.632318143	1
0.899558596	0.772517018	0
0.17273354	0.559313361	1
0.888643418	0.424109774	1
0.842121014	0.66958849	0
0.858722351	0.76588642	0
0.92378635	0.374360315	1
0.834422078	0.756637325	0
0.493887341	0.811906922	0
0.718516942	0.651820247	0
0.243524554	0.759951009	0
0.627820808	0.76157548	0
0.640364506	0.801517202	0
0.652141979	0.674095117	0
0.687786087	0.655037098	0
0.914996759	0.732019073	0
0.473665578	0.679399036	0
0.606629016	0.721432105	0
0.183739827	0.723152562	0