0.419965525	0.246510834	1
0.277102468	0.211821315	1
0.685356153	0.611963396	0
0.938467681	0.66262032	0
0.095331803	0.521695278	1
0.369849012	0.592254159	0
0.110215708	0.47663097	1
0.196339702	0.506526791	0
0.929629238	0.31849582	0
0.696011653	0.550204074	0
0.851589322	0.27509748	1
0.389048235	0.505428297	0
0.173940092	0.481660411	1
0.383242386	0.504306425	0
0.947326163	0.586542818	0
0.495030897	0.522763881	0
0.435574726	0.413380388	1
0.168989493	0.529626696	1
0.927112191	0.31793915	1
0.178840259	0.525991394	0
0.950465988	0.322480674	1
0.946942996	0.322518265	1
0.161975968	0.452909719	1
0.948021202	0.28479325	1
0.836205714	0.335581193	1
0.04989926	0.574492172	1
0.041750138	0.566161026	1
0.572707554	0.721998802	0
0.930782184	0.76857479	0
0.037316109	0.503951263	1
0.020712767	0.525586369	1
0.053917263	0.539722825	1
0.943559926	0.431550752	0
0.075575792	0.498549918	1
0.091072199	0.512520639	1
0.107931875	0.521051837	1
0.028901641	0.562317339	1
0.284933788	0.216473198	1
0.869261126	0.316858391	1
0.370863431	0.023734378	1
0.908487952	0.315250949	1
0.949667985	0.329024006	1
0.818157884	0.278148261	1
0.044134265	0.452726343	1
0.907034167	0.650778642	0
0.558958463	0.290904306	1
0.044238694	0.451461748	1
0.11785316	0.426563687	1
0.506717032	0.312635326	1
0.523781341	0.378392697	1
0.422002495	0.27778376	1
0.051313629	0.55556223	1
0.632501351	0.245147838	1
0.540371068	0.25670925	1
0.035080952	0.539114468	1
0.770448606	0.223875976	1
0.661942126	0.35745805	1
0.641533667	0.391613256	1
0.432708134	0.270758108	1
0.648008965	0.35625449	1
0.847482501	0.664696217	0
0.426378215	0.40676926	1
0.509974951	0.42157281	1
0.293522912	0.383032948	1
0.03543484	0.553564058	1
0.911720239	0.754499173	0
0.030418075	0.605834384	1
0.896725599	0.690282709	0
0.654842832	0.775223712	0
0.221308507	0.368152016	1
0.034397744	0.557202997	1
0.078866459	0.398924534	1
0.102029239	0.437946993	1
0.872742851	0.688840075	0
0.105935777	0.447653398	1
0.294282969	0.846029853	0
0.531585478	0.327485884	0
0.525948762	0.340733468	0
0.014212395	0.65465674	1
0.053488493	0.438736358	1
0.226094864	0.380935778	1
0.765695479	0.651693982	0
0.214878856	0.450725841	1
0.324151	0.068630504	1
0.039264743	0.57435108	1
0.751414592	0.647838731	0
0.969365608	0.437098285	0
0.342230862	0.267313255	1
0.171567726	0.321612896	1
0.721587084	0.348932203	1
0.888185985	0.755529625	0
0.349792062	0.283372044	1
0.040979541	0.53182933	1
0.747703424	0.681895861	0
0.099120359	0.393519764	1
0.960864787	0.603629967	0
0.918793564	0.723348365	0
0.815108726	0.745525814	0
0.945646357	0.620856455	0
0.63575294	0.350886064	1
0.734397034	0.579322739	0
0.905264444	0.604006823	0
0.56962985	0.713375681	0
0.084020594	0.510970455	1
0.856037789	0.732603631	0
0.947911092	0.670898962	0
0.198829086	0.523232185	1
0.954782791	0.554791728	0
0.934551438	0.665488386	0
0.063198005	0.524226568	1
0.940234791	0.543900441	0
0.07936017	0.543097297	1
0.524377494	0.68900027	0
0.451682349	0.601337014	0
0.068802908	0.487008277	1
0.090121004	0.526370635	1
0.825949863	0.69855081	0
0.624220829	0.628065357	0
0.755549367	0.605948358	0
0.061252892	0.446933683	1
0.116071938	0.510290782	1
0.078907259	0.480957626	1
0.021307723	0.617347554	1
0.843253828	0.694128346	0
0.677958416	0.686990512	0
0.832879594	0.643974214	0
0.685646422	0.702373439	0
0.020033293	0.566743565	1
0.574577222	0.744611093	0
0.945202492	0.682100875	0
0.889310625	0.646728279	0
0.045936544	0.504850193	1
0.927027046	0.652785768	0
0.881406719	0.812793155	0
0.828497305	0.642378034	0
0.146814944	0.495057781	1
0.64142156	0.709826017	0
0.229188206	0.684737221	0
0.608811604	0.671919778	0
0.937891004	0.675555521	0
0.058071386	0.551010183	1
0.826432702	0.679412257	0
0.544578948	0.736093665	0
0.617560941	0.40705986	1
0.783495233	0.586823967	0
0.041007349	0.536213821	1
0.046417758	0.57498323	1
0.893490394	0.307134197	1
0.454973667	0.356023744	1
0.678189187	0.747912378	0
0.023456573	0.373948886	1
0.062256747	0.458503121	1
0.151876525	0.448877707	1
0.528105405	0.337149851	1
0.420335567	0.342675864	1
0.880324939	0.587145795	0
0.742972905	0.68062701	0
0.674525113	0.654862785	0
0.069354675	0.523830735	1
0.853759021	0.705563401	0
0.718927892	0.417972524	1
0.034511157	0.576205331	1
0.027030771	0.558442639	1
0.046719894	0.543773765	1
0.672605254	0.415153066	1
0.810928863	0.62215568	0
0.545711431	0.337957174	1
0.449962359	0.336394933	1
0.756050153	0.617602253	0
0.072269814	0.531226996	1
0.905095442	0.325650772	1
0.805172927	0.306777835	1
0.898245181	0.321943195	1
0.839233472	0.700825144	0
0.700532912	0.661952015	0
0.601439067	0.355432607	1
0.046144469	0.512380458	1
0.072238342	0.467543173	1
0.462114633	0.299526738	1
0.371018825	0.152490419	1
0.057158261	0.524462583	1
0.599290225	0.38257042	1
0.656773344	0.450162149	1
0.759270108	0.44172055	1
0.893822446	0.678868157	0
0.476957081	0.387473241	1
0.042909354	0.579635214	1
0.131142213	0.508664447	1
0.033294515	0.48637931	1
0.695458518	0.537113461	0
0.47876674	0.820589595	0
0.016876376	0.637880069	1
0.068574897	0.546842527	1
0.342440397	0.616011409	1
0.968190087	0.552257758	1
0.92741917	0.682864205	0
0.410090795	0.171348398	1
0.072309018	0.5502269	1
0.834360511	0.661457641	0
0.501358121	0.343191147	1
0.867936073	0.657311518	0
0.449211561	0.379618401	1
0.023126442	0.670740098	1
0.556027337	0.340231011	0
0.586566471	0.345565992	1
0.719329013	0.319397048	0
0.63877337	0.357511614	1
0.338138141	0.401631178	1
0.3487588	0.07748326	1
0.894295956	0.71151465	0
0.768644755	0.510518767	1
0.905491687	0.709171421	0
0.165375073	0.483587292	1
0.362495372	0.431478026	1
0.947578816	0.337128826	1
0.890878149	0.646822581	0
0.731790561	0.441109852	1
0.836077658	0.699924136	0
0.972470969	0.549190075	1
0.678732861	0.503495204	0
0.876513885	0.817701146	0
0.946588046	0.611363929	0
0.955227529	0.687975816	0
0.924837547	0.650998899	0
0.435770181	0.327361327	1
0.650784473	0.515997445	0
0.917181909	0.677056965	0
0.85742648	0.753201878	0
0.702747837	0.518740347	0
0.676407533	0.508716866	0
0.123683931	0.562431592	1
0.579590179	0.454885878	0
0.270757076	0.59582239	1
0.618192659	0.634622077	0
0.730533084	0.653866349	0
0.953433515	0.670475363	0
0.679039388	0.5130899	0
0.873691334	0.629712489	0
0.921399129	0.713087773	0
0.248264785	0.468364616	1
0.543650439	0.326399706	1
0.06867806	0.55773483	1
0.255619114	0.357444164	1
0.430281683	0.587533764	0
0.610134188	0.322183831	1
0.631104369	0.343526954	1
0.934056097	0.611658324	0
0.999896587	0.334734962	0
0.461646387	0.705334274	0
0.607646009	0.702314077	0
0.700337254	0.707680272	0
0.826051604	0.657164031	0
0.99984019	0.434923493	0
0.006323732	0.580767728	1
0.028515872	0.500105404	1
0.924245911	0.222635432	0
0.931684525	0.649348543	0
0.743172564	0.400039764	0
0.368094601	0.595354179	0
0.114729151	0.408436335	1
0.92443604	0.62819732	0
0.090181764	0.535335382	1
0.593721936	0.577974856	0
0.628436959	0.507397004	0
0.812587479	0.494497805	0
0.798149444	0.602590156	0
0.680568868	0.401552801	0
0.142030058	0.560077287	1
0.662822393	0.294385155	1
0.029321661	0.57288285	1
0.689095225	0.589277012	0
0.941110399	0.624617897	0
0.053845728	0.519517469	1
0.678859189	0.313171323	1
0.544888714	0.307251204	1
0.746332675	0.479118785	0
0.583202542	0.315493953	1
0.717334794	0.508968338	0
0.87243029	0.405828584	0
0.732206905	0.726320948	0
0.876577826	0.567564403	0
0.705791065	0.487169576	0
0.262681086	0.592897407	0
0.746236798	0.38545738	0
0.74068929	0.655352906	0
0.036426713	0.482434971	1
0.60589978	0.510448575	0
0.761364445	0.72659858	0
0.505052305	0.567569227	0
0.858795334	0.818187535	0
0.869093739	0.576444976	0
0.026671238	0.511294517	1
0.03836554	0.631971579	1
0.035489002	0.554839909	1
0.048629137	0.555445775	1
0.401505462	0.571937276	0
0.476754855	0.316999734	1
0.265792808	0.46705658	1
0.74120749	0.595233862	0
0.113996963	0.527515973	1
0.938211444	0.308410568	1
0.870499548	0.721704578	0
0.529896389	0.348926217	1
0.828579511	0.562687455	0
0.762263536	0.597444098	0
0.765493253	0.737429998	0
0.077092739	0.434148947	1
0.893076604	0.699304486	0
0.170812976	0.375309004	1
0.545954926	0.405726773	1
0.57388424	0.40229873	1
0.84311873	0.67052323	0
0.079474033	0.569080289	1
0.604195414	0.484178792	1
0.910866029	0.567987054	0
0.176664116	0.372318527	1
0.232465446	0.499232501	1
0.597875588	0.39148606	1
0.788718259	0.712245616	0
0.867264305	0.71783522	0
0.905232557	0.714298696	0
0.837661209	0.640511917	0
0.028687671	0.555546099	1
0.029188868	0.554032639	1
0.035887655	0.56717318	1
0.775666044	0.626102479	0
0.08558223	0.501882975	1
0.772040588	0.72952643	0
0.588933758	0.664188141	0
0.4493258	0.306325468	1
0.57477146	0.257371753	1
0.109140842	0.481845681	1
0.081450274	0.680553082	0
0.650763816	0.342848759	0
0.212399129	0.50857845	1
0.822955739	0.221414153	0
0.890430007	0.235541854	0
0.887310736	0.229858233	0
0.377907922	0.251842433	1
0.805288534	0.208186695	0
0.756074718	0.264850222	0
0.887860674	0.238164451	0
0.901104825	0.246022894	0
0.411941576	0.627415488	0
0.637057425	0.666505273	0
0.67151203	0.261945216	0
0.529019471	0.721018063	0
0.91886495	0.587345616	0
0.567850955	0.309231899	1
0.351700646	0.279160067	1
0.073698534	0.528427028	1
0.050812362	0.612278008	1
0.074229088	0.552398986	1
0.944145537	0.698397712	0
0.151250843	0.52135559	1
0.70244189	0.679399058	0
0.805837639	0.838980622	0
0.058454886	0.557825878	1
0.174839196	0.494091695	1
0.872560303	0.773106194	0
0.843388334	0.702536172	0
0.021118092	0.5330479	1
0.080294823	0.514721015	1
0.755006194	0.208959625	0
0.321970401	0.675563777	0
0.381233446	0.595683472	0
0.719016872	0.800860716	0
0.026103456	0.587688785	1
0.115112408	0.498394879	1
0.051796883	0.495137295	1
0.936493928	0.781042359	0
0.952289697	0.619440125	0
0.867085026	0.338700598	1
0.88656979	0.660256322	0
0.154620514	0.457116258	1
0.103745891	0.446714921	1
0.307939076	0.499935913	0
0.951036112	0.646268797	0
0.863898965	0.952252207	0
0.763368709	0.680376902	0
0.87625911	0.700977327	0
0.887894486	0.736510008	0
0.94831404	0.618911712	0
0.036657729	0.36884296	1
0.623821591	0.722819232	0
0.089591202	0.488123394	1
0.225592103	0.491772617	1
0.72423099	0.580159901	0
0.045616187	0.610548767	1
0.806681421	0.746279804	0
0.091939631	0.648754988	1
0.047471011	0.389759798	1
0.944119554	0.310334414	1
0.822939278	0.610819823	0
0.090694862	0.458641876	1
0.856996055	0.686111732	0
0.823358032	0.678028435	0
0.150134395	0.521610267	1
0.838867055	0.695703824	0
0.720818459	0.548758502	0
0.697202712	0.596124855	0
0.585465421	0.319869098	1
0.076224766	0.505168554	1
0.952242483	0.649174162	0
0.112551985	0.487763082	1
0.576370355	0.674869574	0
0.951491646	0.29827613	1
0.691094556	0.67924309	0
0.851904685	0.665050943	0
0.04863871	0.363276996	1
0.528050667	0.30223868	1
0.457786105	0.480034802	1
0.954049164	0.619623763	0
0.95340265	0.629886305	0
0.067537657	0.52636146	1
0.072928477	0.388506645	1
0.946047674	0.626146363	0
0.067941929	0.462594264	1
0.778647088	0.619172895	0
0.435929735	0.297316228	1
0.045869662	0.552552829	1
0.343178202	0.48488001	1
0.598045257	0.31527291	0
0.630824766	0.600530521	1
0.603551747	0.759476717	0
0.947262922	0.615203605	0
0.163703028	0.466517512	1
0.228120164	0.487727907	1
0.084599085	0.46590863	1
0.935256414	0.634173736	0
0.740935857	0.589002896	1
0.948513631	0.72103579	0
0.360964821	0.458219981	1
0.701989047	0.740245273	0
0.017780477	0.599406515	1
0.924894602	0.401843186	0
0.928905228	0.593950408	0
0.871994989	0.719960023	0
0.287931558	0.477641217	1
0.953733571	0.626738027	0
0.948440127	0.623610135	0
0.918951094	0.624645613	0
0.24561328	0.530566439	1
0.717148137	0.737330918	0
0.928696933	0.664240966	0
0.713741053	0.753530603	0
0.080886294	0.580014337	1
0.112123874	0.578524174	1
0.77045055	0.697272738	0
0.86317923	0.721764771	0
0.937211203	0.618047146	0
0.210367097	0.489592362	1
0.945647667	0.636559944	0
0.89892006	0.677197978	0
0.656602955	0.696843066	0
0.780498554	0.636097588	0
0.912482577	0.73532269	0
0.194941831	0.507597464	1
0.954026833	0.627561946	0
0.926700103	0.581773443	0
0.057276538	0.525835987	1
0.939275077	0.64066713	0
0.812350333	0.724521809	0
0.176202809	0.411217917	1
0.94716559	0.474826014	0
0.011623182	0.675861681	1
0.915961777	0.707371247	0
0.157339391	0.399103259	1
0.073135353	0.465053251	1
0.061996642	0.527728163	1
0.770013737	0.733848385	0
0.124876689	0.551501766	1
0.094228908	0.620375786	1
0.080970517	0.551374722	1
0.955507975	0.676632759	0
0.898387081	0.6781313	0
0.442853411	0.785436303	0
0.122443339	0.484825513	1
0.948062973	0.633744042	0
0.010650316	0.561130677	1
0.046102058	0.497464926	1
0.762310625	0.262379471	1
0.003673405	0.363894859	1
0.098415718	0.457888803	1
0.770421865	0.606640878	0
0.925194201	0.655319263	0
0.106777293	0.454763838	1
0.904778274	0.672503404	0
0.776107884	0.475590301	1
0.376442824	0.444518449	1
0.090827449	0.450301793	1
0.250927152	0.407070914	1
0.528633541	0.11922033	1
0.054631528	0.598257804	1
0.830503849	0.301338	1
0.206075947	0.128078863	1
0.557996506	0.32012135	1
0.63238738	0.440887975	1
0.419264269	0.339896937	1
0.9551183	0.693402132	0
0.080766865	0.462973559	1
0.577784892	0.308941329	1
0.122652303	0.4666764	1
0.743563743	0.068802829	0
0.910961307	0.661793433	0
0.488438207	0.319488992	1
0.459356388	0.387538942	1
0.930150061	0.637566193	0
0.136473537	0.378354947	1
0.130727317	0.515618026	1
0.177402127	0.540946908	1
0.767186982	0.758773382	0
0.169280292	0.500294081	1
0.018904907	0.306172934	1
0.577815011	0.367669466	1
0.190062083	0.682109913	0
0.0378232	0.550336051	1
0.885214983	0.738528218	0
0.92996809	0.659738444	0
0.039320771	0.540485338	1
0.505828381	0.630999217	0
0.018765741	0.169193506	1
0.525495317	0.358586154	1
0.630126732	0.384654129	1
0.711312428	0.649587295	0
0.068956139	0.476587755	1
0.845848216	0.67581696	0
0.662595072	0.564335368	0
0.934466425	0.694297524	0
0.100434953	0.588900801	1
0.952656917	0.876230282	0
0.013763424	0.565342046	1
0.740574994	0.582926711	0
0.244780484	0.46864327	1
0.929413732	0.607979452	0
0.015542138	0.627435442	1
0.912944366	0.660550408	0
0.85634435	0.721390025	0
0.933885613	0.703675923	0
0.940053332	0.326773428	1
0.883439611	0.6896658	0
0.156914679	0.551446983	1
0.049189108	0.503458269	1
0.908664264	0.661580053	0
0.825731297	0.703380511	0
0.104636067	0.475301717	1
0.92915096	0.681943619	0
0.016268471	0.362250366	1
0.029354182	0.496624778	1
0.903750067	0.723794412	0
0.88105822	0.650968217	0
0.572763052	0.626241015	0
0.062713776	0.45679818	1
0.739053326	0.706922627	0
0.05033132	0.509806477	1
0.262830857	0.457530315	1
0.721388659	0.660866189	0
0.980682476	0.372913942	0
0.061375175	0.538483525	1
0.607042049	0.660421971	0
0.077351897	0.491667766	1
0.930329443	0.628137429	0
0.058746739	0.473588038	1
0.749410208	0.627648029	0
0.896239088	0.355020273	0
0.820503105	0.238884017	0
0.122782512	0.49497533	1
0.942549611	0.225698623	0
0.926495639	0.324985402	0
0.113912857	0.408970942	1
0.949570864	0.719907345	0
0.501159532	0.659675523	0
0.910264649	0.659156677	0
0.47149001	0.393079723	1
0.093990339	0.545670708	1
0.10168147	0.527028485	1
0.918891339	0.651814935	0
0.019152924	0.595749041	1
0.702884557	0.657376848	0
0.205901187	0.434056434	1
0.857698066	0.317989483	1
0.021015593	0.562921632	1
0.271638799	0.453825758	1
0.400216187	0.392031006	1
0.749988203	0.318127077	1
0.898141685	0.607510762	0
0.019791665	0.589717055	1
0.954360579	0.612854981	0
0.819518274	0.329834458	1
0.622101355	0.483913374	0
0.881096224	0.680363178	0
0.762621735	0.62925278	0
0.175698066	0.490812515	1
0.368414826	0.511993687	0
0.909253847	0.600957967	0
0.400069411	0.365648276	1
0.461049606	0.372614104	1
0.745124854	0.594170096	0
0.732925917	0.621566	0
0.675032672	0.696550979	0
0.955586985	0.709362561	0
0.275118942	0.396951869	1
0.124275841	0.494081831	1
0.677749559	0.657381016	0
0.94337638	0.60489654	0
0.843681049	0.51640718	0
0.925870326	0.613142607	0
0.433822547	0.469654178	0
0.061023726	0.511729772	1
0.87163314	0.739836327	0
0.068124883	0.509402305	1
0.885040091	0.752563837	0
0.118381375	0.380045227	1
0.827988177	0.681832582	0
0.902857154	0.704847526	0
0.794369704	0.832044778	0
0.667091663	0.632596407	0
0.954766445	0.612584485	0
0.641745968	0.585942771	0
0.149724362	0.501311279	1
0.77884658	0.62838669	0
0.104834843	0.328448165	1
0.897127733	0.860624138	0
0.802865336	0.674728379	0
0.947402795	0.603452648	0
0.150591655	0.520322121	0
0.085513861	0.367543922	1
0.718090339	0.641527107	0
0.828593785	0.617955498	0
0.227850318	0.453500537	1
0.143137693	0.484818489	1
0.026246851	0.533160389	1
0.018887469	0.612326753	1
0.924643594	0.571860449	0
0.841903745	0.281142328	1
0.547944098	0.592896427	0
0.955283949	0.615791959	0
0.832144739	0.576012461	0
0.925491157	0.699362545	0
0.846533551	0.656504948	0
0.846191568	0.557016371	0
0.129592333	0.53892279	1
0.92395935	0.720301662	0
0.632062877	0.425270404	1
0.51673006	0.796893203	0
0.444972562	0.424910553	1
0.954696516	0.609782699	0
0.770477172	0.611691376	0
0.905170737	0.584037488	0
0.944682117	0.60526986	0
0.24608203	0.45410898	1
0.701254694	0.55966495	0
0.550092526	0.449991594	0
0.467950745	0.57075786	0
0.928850552	0.702451005	0
0.7987309	0.561405766	0
0.886664058	0.6707894	0
0.948710986	0.615452067	0
0.85786118	0.577656559	0
0.937354001	0.732998058	0
0.514773613	0.483699315	0
0.849713557	0.715498051	0
0.721256092	0.687404899	0
0.071772187	0.524291591	1
0.074341283	0.503971868	1
0.034843348	0.554803789	1
0.102963048	0.459559483	1
0.952639134	0.610829984	0
0.024646659	0.581152645	1
0.920093559	0.622648718	0
0.088197212	0.509114161	1
0.831825505	0.607250756	0
0.079493726	0.474854371	1
0.780648196	0.557336803	0
0.481419563	0.364372647	1
0.113475021	0.50041223	1
0.798030615	0.035950414	0
0.117901604	0.510296181	1
0.701460427	0.305890449	1
0.733994361	0.46085338	0
0.461704596	0.350825725	1
0.634475667	0.599693677	0
0.763003089	0.293943118	1
0.952308364	0.613480185	0
0.692929384	0.599684989	0
0.145358899	0.534883706	1
0.624862278	0.742903649	0
0.090844056	0.526672563	1
0.564880748	0.673533742	0
0.18499614	0.461713465	1
0.924243007	0.598870497	0
0.16878517	0.453505577	1
0.745590302	0.767915751	0
0.781241619	0.724594069	0
0.606396441	0.561802179	0
0.939608974	0.681328488	0
0.813435118	0.61668344	0
0.138960719	0.42309678	1
0.897506459	0.640195458	0
0.93614806	0.639600022	0
0.75033589	0.558062242	0
0.863111275	0.644349181	0
0.644807812	0.865266624	0
0.781715875	0.604598919	0
0.797692345	0.713689399	0
0.048647574	0.513092497	1
0.881563437	0.659322092	0
0.87420517	0.644006136	0
0.939192353	0.639270425	0
0.084460427	0.487518562	1
0.094903144	0.435496398	1
0.119068464	0.526128194	1
0.627385384	0.735577633	0
0.897581778	0.623502881	0
0.805761582	0.631825551	0
0.058984946	0.588565197	1
0.867482096	0.612810938	0
0.940652989	0.773340576	0
0.072372823	0.520004027	1
0.070321478	0.485286528	1
0.915263188	0.675346319	0
0.057490543	0.464330287	1
0.781002119	0.613502212	0
0.06730092	0.520312942	1
0.706282727	0.708172371	0
0.956294867	0.740250652	0
0.014157496	0.532046475	1
0.071281464	0.509428409	1
0.804624758	0.269671222	1
0.184258719	0.448350551	1
0.33048691	0.580138277	0
0.938062406	0.652580554	0
0.790740207	0.779690817	0
0.04822585	0.546475019	1
0.083188789	0.441530919	1
0.524767168	0.80327898	0
0.648287144	0.731660813	0
0.918729501	0.618732437	0
0.953770114	0.616469531	0
0.886020241	0.609975689	0
0.738287101	0.696455766	0
0.926058568	0.613686288	0
0.725731375	0.803990587	0
0.535435725	0.409653378	1
0.071390042	0.506851467	1
0.067352708	0.572096864	1
0.045386789	0.475299542	1
0.010342723	0.598746824	1
0.830536292	0.369068192	1
0.644713164	0.300713922	1
0.013842376	0.661037954	1
0.784195286	0.641037128	0
0.81524259	0.336932981	1
0.537760864	0.366184191	1
0.824048129	0.266244341	1
0.115061912	0.430950329	1
0.918280986	0.707999696	0
0.010289697	0.595599415	1
0.936066507	0.604150544	0
0.932155045	0.358304106	1
0.940739073	0.314318645	1
0.680726908	0.288257363	1
0.103802985	0.472524955	1
0.822680536	0.334923918	1
0.502730362	0.369788199	1
0.874537796	0.271887988	1
0.949070641	0.339322444	1
0.780995825	0.385305199	1
0.910756561	0.318725371	1
0.166639247	0.512381699	1
0.09499586	0.567483839	1
0.657049764	0.315518807	1
0.882031749	0.645288471	0
0.477864609	0.422342603	1
0.530169264	0.383548954	1
0.951322203	0.595820004	0
0.589424846	0.705768468	0
0.53003831	0.376026436	1
0.865372285	0.633899151	0
0.803513021	0.638271528	0
0.782325762	0.712608383	0
0.905302059	0.63802862	0
0.57697362	0.436074477	1
0.644221316	0.5361418	0
0.724149547	0.795297689	0
0.058887867	0.521994898	1
0.506675936	0.759952631	0
0.861669677	0.622204079	0
0.077230246	0.448049465	1
0.840248094	0.716044183	0
0.732898213	0.737064574	0
0.806782607	0.636718205	0
0.748776873	0.702596946	0
0.825688492	0.86192347	0
0.999889346	0.412778683	0
0.631490381	0.333098749	1
0.024463338	0.6050978	1
0.598394935	0.278153699	1
0.020153428	0.574357636	1
0.836302937	0.552202518	0
0.724702536	0.747338445	0
0.66725215	0.338781004	1
0.479677373	0.291858131	1
0.807853331	0.599603968	0
0.95177916	0.679134255	0
0.944638119	0.580996515	0
0.621989703	0.560368555	0
0.577901298	0.411860565	1
0.070234267	0.444117948	1
0.032668046	0.568522718	1
0.171688078	0.510480078	1
0.348699079	0.883385678	0
0.956454521	0.7378806	0
0.022268183	0.531463704	1
0.101548723	0.498879689	1
0.811300452	0.64153497	0
0.919269753	0.365247291	1
0.147631123	0.380017318	1
0.927948066	0.678585029	0
0.150443426	0.296778143	1
0.107881576	0.371012215	1
0.272205021	0.350454355	1
0.134136134	0.542600778	1
0.895544454	0.664615581	0
0.737987462	0.346566171	1
0.75304212	0.710737069	0
0.698032097	0.537984495	0
0.729925401	0.640765697	0
0.083602957	0.431443265	1
0.100252743	0.515786901	1
0.039252797	0.45362098	1
0.059056674	0.527293753	1
0.432956067	0.60257751	0
0.835676225	0.736786376	0
0.365650523	0.446169002	1
0.827340922	0.781689236	0
0.057453586	0.524307779	1
0.438621989	0.45163143	1
0.751857741	0.743936767	0
0.891196157	0.731764786	0
0.100488335	0.346917827	1
0.053710916	0.617072618	1
0.916629331	0.638484473	0
0.92450457	0.667788437	0
0.757580164	0.64762771	0
0.940193664	0.689416844	0
0.13632407	0.505598886	1
0.918849039	0.652591814	0
0.079572009	0.411619443	1
0.645604386	0.629829286	0
0.093556966	0.573232989	1
0.754947926	0.49525633	0
0.937076286	0.730605754	0
0.781158384	0.68030255	0
0.856880779	0.672850987	0
0.938404005	0.552837815	0
0.866749879	0.697019129	0
0.425724669	0.356609534	1
0.191856786	0.550309572	1
0.065563265	0.520320747	1
0.01791977	0.632621055	1
0.049002713	0.399061375	1
0.695867497	0.701896695	0
0.048988803	0.507223614	1
0.352818945	0.336437342	1
0.130335936	0.530853411	1
0.126488345	0.500087507	1
0.696653134	0.353684468	1
0.515252397	0.317558063	1
0.69513536	0.329132351	1
0.419838348	0.62704086	0
0.923535365	0.727433485	0
0.89263288	0.537298679	0
0.940571608	0.708393848	0
0.694729063	0.861399791	0
0.079298512	0.520354195	1
0.811796208	0.760899687	0
0.482510939	0.378750856	1
0.671807291	0.68459507	0
0.079124562	0.571869997	1
0.553531554	0.328896162	1
0.27812082	0.371828065	1
0.071113837	0.549852357	1
0.038203366	0.549577679	1
0.837933355	0.264344984	1
0.122177201	0.523774853	1
0.040312664	0.595349285	1
0.788809226	0.67650974	0
0.396050338	0.46868511	1
0.075269825	0.513596772	1
0.082057356	0.586597667	1
0.918430086	0.315482132	1
0.792933507	0.26259499	1
0.933888558	0.347575531	1
0.09869853	0.511573016	1
0.914823247	0.693163711	0
0.046321807	0.312186263	1
0.65346732	0.646577564	0
0.863140047	0.484910151	0
0.856048694	0.32354424	1
0.926630591	0.335246358	1
0.862313574	0.70589438	0
0.269948968	0.41748247	1
0.85419075	0.655714337	0
0.383640266	0.403012443	1
0.681971229	0.689086306	0
0.68216318	0.657353357	0
0.493015965	0.405052292	1
0.076213908	0.511344422	1
0.835870151	0.700539597	0
0.382338281	0.639659073	0
0.796491642	0.714489427	0
0.857470276	0.656780948	0
0.111231717	0.572614809	1
0.086532314	0.503354566	1
0.575550723	0.333981701	1
0.853155649	0.705245615	0
0.705570345	0.647533323	0
0.717500486	0.332927351	1
0.779146877	0.701715485	0
0.537749014	0.403043404	1
0.057815927	0.544967315	1
0.078097561	0.529175568	1
0.649563595	0.821964633	0
0.929673056	0.339918782	1
0.39532119	0.396293579	1
0.090348372	0.515897722	1
0.095331999	0.555472744	1
0.082789282	0.51378557	1
0.435457125	0.367055942	1
0.619667964	0.414631575	1
0.928938082	0.678719446	0
0.799195452	0.649378883	0
0.952108884	0.69429576	0
0.089322712	0.491195452	1
0.972324738	0.318028882	0
0.572420634	0.75723734	0
0.861447881	0.682009248	0
0.878982129	0.602679669	0
0.794128869	0.714768944	0
0.398105242	0.646424926	0
0.059966336	0.528388586	1
0.058905117	0.516956877	1
0.0465779	0.513601073	1
0.053923807	0.509979192	1
0.156358685	0.183786181	1
0.803369514	0.657764464	0
0.187581931	0.227279527	1
0.928159802	0.771595769	0
0.121763339	0.485021119	1
0.82519215	0.811424731	0
0.043311614	0.54150776	1
0.786393112	0.649174867	0
0.603903198	0.448414894	1
0.094484507	0.497751486	1
0.593970473	0.690019812	0
0.806960927	0.733932325	0
0.78301303	0.76136099	0
0.921382004	0.796763555	0
0.712522679	0.815177125	0
0.937170331	0.67694006	0
0.91587032	0.726338128	0
0.951747076	0.72460293	0
0.971846823	0.84630633	0
0.063969625	0.534781029	1
0.007105087	0.672163431	1
0.034251114	0.580301265	1
0.954634554	0.314372809	1
0.937108995	0.716426547	0
0.096271179	0.522327848	1
0.121768532	0.556744041	1
0.713495503	0.339908792	1
0.097341528	0.508518226	1
0.583560985	0.317261612	1
0.113914745	0.480932425	1
0.646019074	0.585500581	0
0.687630431	0.336431928	1
0.594696614	0.33270609	1
0.946447051	0.728657646	0
0.929946358	0.678161733	0
0.024740974	0.558215446	1
0.448610467	0.371160425	1
0.682602445	0.366625497	1
0.701030946	0.707943376	0
0.074979272	0.515204327	1
0.521179021	0.680324277	0
0.933891646	0.676997912	0
0.575370962	0.443239112	1
0.071507705	0.509370827	1
0.090708378	0.51509001	1
0.025944039	0.576941043	1
0.864478277	0.301803372	1
0.065208391	0.501027137	1
0.873846899	0.303030675	1
0.675638745	0.637905359	0
0.793459185	0.800452839	0
0.918848259	0.318131731	1
0.054171297	0.527110598	1
0.828093086	0.427742533	1
0.948371342	0.714955084	0
0.762754094	0.457763969	1
0.749147532	0.746854446	0
0.920122548	0.681793612	0
0.20180695	0.51504554	1
0.594811426	0.453280315	1
0.098976059	0.480068052	1
0.563387271	0.753684727	0
0.633831424	0.631728226	0
0.059375771	0.545210866	1
0.79160998	0.730617213	0
0.549657872	0.351494907	1
0.511705712	0.348949775	1
0.937916764	0.681779314	0
0.947310923	0.680712183	0
0.771685205	0.751316295	0
0.06695305	0.512135509	1
0.709735255	0.641437554	0
0.444963721	0.788200031	0
0.86349769	0.67943529	0
0.923972493	0.715368298	0
0.092757152	0.542303416	1
0.434651147	0.433697457	1
0.921413178	0.795516946	0
0.078897638	0.520942639	1
0.061410278	0.579011212	1
0.440533026	0.477230439	1
0.62162926	0.629002463	0
0.077188012	0.484017411	1
0.078825017	0.50791787	1
0.835748921	0.754890724	0
0.287645888	0.429657318	1
0.05753414	0.57607759	1
0.615026538	0.733283301	0
0.515599217	0.690937391	0
0.924422662	0.715500899	0
0.858395537	0.732460124	0
0.391245973	0.431424262	1
0.117117387	0.55823181	1
0.872806416	0.734860186	0
0.926659707	0.879699062	0
0.044875232	0.543897512	1
0.036143595	0.52849502	1
0.035751294	0.532019846	1
0.954242285	0.695701888	0
0.143858857	0.46321273	1
0.854748148	0.620857979	0
0.759710326	0.690111785	0
0.908985619	0.671872911	0
0.506782613	0.328231979	1
0.892317586	0.730949812	0
0.284680021	0.425482092	1
0.654057536	0.107476657	0
0.228296839	0.40965852	1
0.88231243	0.575035156	0
0.934935362	0.65221482	0
0.231797653	0.41112439	1
0.890099349	0.814472025	0
0.117727553	0.49864415	1
0.397517183	0.650518809	0
0.035483129	0.55434043	1
0.023948581	0.564823264	1
0.878319796	0.576858437	0
0.871414324	0.759049097	0
0.959803824	0.709995454	0
0.1341147	0.365202358	1
0.875117738	0.573150454	0
0.134163054	0.531614525	1
0.827945109	0.66527363	0
0.228065	0.416302506	1
0.936619394	0.534172212	0
0.060688043	0.557247202	1
0.874953187	0.757399224	0
0.948392125	0.733224205	0
0.931204929	0.828366436	0
0.816429758	0.729518145	0
0.875227406	0.576212721	0
0.084308222	0.550701781	1
0.027714785	0.54777484	1
0.8441015	0.568450273	0
0.926748227	0.782814619	0
0.815586789	0.71839727	0
0.911155992	0.427174907	0
0.763309172	0.56726402	0
0.924784066	0.684773842	0
0.868337857	0.713091204	0
0.321985233	0.502333568	1
0.83829218	0.568406719	0
0.127182724	0.560232586	1
0.631872095	0.400812997	1
0.08864808	0.504555887	1
0.110713814	0.50269734	1
0.930852198	0.30195809	1
0.892890459	0.570935765	0
0.931751881	0.724038499	0
0.868139595	0.66081073	0
0.496347039	0.456722505	0
0.334632285	0.409625	1
0.46066913	0.362771658	0
0.091424334	0.243714899	1
0.054522071	0.526452945	1
0.816453349	0.733318752	0
0.601704915	0.611022464	0
0.723995981	0.685518684	0
0.928154287	0.58663938	0
0.99980978	0.291208106	0
0.953541628	0.518412602	0
0.52236863	0.59723183	0
0.461460591	0.485028995	0
0.944838745	0.607379395	0
0.899465095	0.673856253	0
0.06315046	0.541622943	1
0.483102802	0.488696548	0
0.910576368	0.308370353	1
0.518366418	0.334027757	1
0.837079793	0.726138848	0
0.066125739	0.520994344	1
0.051832489	0.529950721	1
0.09400547	0.483312292	1
0.084390099	0.494750068	1
0.143025978	0.472272394	1
0.937468484	0.533939814	0
0.569286329	0.501271864	0
0.913923222	0.550358545	0
0.789712863	0.31772928	1
0.045836561	0.537130953	1
0.890912233	0.556933399	0
0.999866876	0.322341595	0
0.377906367	0.351688378	1
0.539547165	0.49651722	0
0.127216169	0.444590263	1
0.919317235	0.55028168	0
0.933361029	0.529176522	0
0.942834284	0.61376246	0
0.881925619	0.545324098	0
0.908935001	0.779791047	0
0.846528789	0.548218017	0
0.934848158	0.739899995	0
0.092527403	0.455139679	1
0.728612108	0.576758984	0
0.701208193	0.494410709	0
0.890525505	0.547698469	0
0.808330515	0.547965409	0
0.153886756	0.488577081	1
0.630715503	0.483774154	0
0.815030325	0.759302267	0
0.068104339	0.554263338	1
0.877723133	0.55392991	0
0.563097713	0.498553507	0
0.946947295	0.611652582	0
0.930273234	0.796481278	0
0.895839782	0.589780801	0
0.670840409	0.486580471	0
0.090331251	0.460921217	1
0.939805879	0.275878677	1
0.041311661	0.575828117	1
0.038430617	0.541096331	1
0.588665041	0.504183629	0
0.930658239	0.320455132	0
0.92090615	0.638463874	0
0.903532303	0.289199049	0
0.612390065	0.226400927	0
0.90689438	0.643070981	0
0.539046054	0.497512923	0
0.461555183	0.45712148	1
0.691944746	0.722998106	0
0.069867974	0.564590584	1
0.044609334	0.482591123	1
0.083735343	0.465917295	1
0.944313701	0.271503859	1
0.842116167	0.684275432	0
0.807199021	0.861567729	0
0.348226603	0.660441637	0
0.903970475	0.593283274	0
0.017526096	0.641986002	1
0.031538827	0.587511968	1
0.929002526	0.597536514	0
0.859431381	0.345148639	0
0.031383486	0.443193961	1
0.778529589	0.35822971	0
0.372538931	0.667659099	0
0.10198322	0.465662956	1
0.011321308	0.642080509	1
0.633277058	0.826681151	0
0.098942331	0.499921631	1
0.750139212	0.603790233	0
0.810949981	1	0
0.434542195	0.778183444	0
0.951720831	0.565514729	0
0.696495892	0.372487296	1
0.672873059	0.36587813	0
0.715870022	0.697913822	0
0.338779741	0.431073572	1
0.093768142	0.480963873	1
0.673150841	0.257170155	1
0.132568585	0.246750215	1
0.941727045	0.574147477	0
0.701232024	0.089828347	0
0.625091759	0.500716261	0
0.132216444	0.528592825	1
0.11635004	0.104857754	1
0.592625363	0.43711532	1
0.314660528	0.424569954	1
0.789525352	0.779730411	0
0.186586171	0.388360355	1
0.057268794	0.534255228	1
0.724697969	0.497998461	0
0.737591661	0.475141788	1
0.282688476	0.37604859	1
0.70336808	0.735884939	0
0.060158519	0.565007901	1
0.750721339	0.668481177	0
0.0597261	0.503171401	1
0.720957795	0.617626267	0
0.064791488	0.537893848	1
0.710641698	0.685742845	0
0.230411385	0.445613061	1
0.142903523	0.456774417	1
0.805109522	0.68370681	0
0.087338786	0.376775478	1
0.578261984	0.475221185	0
0.571379707	0.7621464	0
0.132652205	0.510204812	1
0.916965022	0.611020861	0
0.144924092	0.429798368	1
0.852511682	0.695437171	0
0.803650539	0.628922615	0
0.962526524	0.610441	0
0.950293708	0.664302686	0
0.119807213	0.493281643	1
0.945837625	0.620265575	0
0.21615912	0.404178508	1
0.689923737	0.905080319	0
0.37245803	0.760532691	0
0.011825992	0.638033961	1
0.641577484	0.3828798	0
0.035924348	0.510528711	1
0.128810259	0.464788026	1
0.060195934	0.540642642	1
0.724253381	0.427266497	1
0.100683287	0.564879093	1
0.440446606	0.40743381	1
0.6324037	0.404048117	1
0.09933188	0.506884991	1
0.082573061	0.560035391	1
0.207604159	0.460684983	1
0.577104714	0.724863697	0
0.03582246	0.543740041	1
0.455869222	0.707722151	0
0.749938251	0.208165723	0
0.06897799	0.513137269	1
0.319008327	0.5079273	1
0.07489198	0.283258399	1
0.569215443	0.539875001	1
0.09323386	0.497635295	1
0.017213117	0.597550662	1
0.022419573	0.615548139	1
0.042549926	0.553319573	1
0.099996798	0.50555039	1
0.032105945	0.541283047	1
0.943107479	0.307173515	1
0.52193626	0.83894511	0
0.512228328	0.808063195	0
0.949802706	0.570791141	0
0.77106231	0.818006154	0
0.795084701	0.714443014	0
0.431745096	0.664822035	0
0.032752781	0.598213695	1
0.076403777	0.515852718	1
0.934771643	0.329308466	0
0.187647649	0.644048806	1