0.61341934
0.539791052
0.718395815
0.650532228
0.307773166
0.632236824
0.480375432
0.762638242
0.51817323
0.082982281
0.17245532
0.134033581
0.267677257
0.231174951
0.559999584
0.135703583
0.72101728
0.049429341
0.247890953
0.772379481
0.697201648
0.094245101
0.333881752
0.044441643
0.725683612
0.399659587
0.761725221
0.762148207
0.269899293
0.098134333
0.471968093
0.222459976
0.566512769
0.65119672
0.686745728
0.98423532
0.220322741
0.751162494
0.761906432
0.086456098
0.569446447
0.081065756
0.794641976
0.112519624
0.144958106
0.078236726
0.199757173
0.126890333
0.652185798
0.03264808
0.233408644
0.087608704
0.76382936
0.579484063
0.117101981
0.662425115
0.183789921
0.621435757
0.145556042
0.22498429
0.040064005
0.557775205
0.078647265
0.594681274
0.17286695
0.764735865
0.101732428
0.681262425
0.134922615
0.506444695
0.062148987
0.283004593
0.26295823
0.204389428
0.498314264
0.175838194
0.6726212
0.569879054
0.707592119
0.246058424
0.602785933
0.044779578
0.800942164
0.056451838
0.328679243
0.733528464
0.19674295
0.717347426
0.31665957
0.19442592
0.176170058
0.477221278
0.03890508
0.590452031
0.639719953
0.10413098
0.750552599
0.034004067
0.410136413
0.771286255
0.660417076
0.086399814
0.740545757
0.38632444
0.162093518
0.300034433
0.181094905
0.32932447
0.114730351
0.081889839
0.28059589
0.530136714
0.766054527
0.132376774
0.377479592
0.789149689
0.108217084
0.740155318
0.442241753
0.762353752
0.097808531
0.198377704
0.090276344
0.41329346
0.179398932
0.769958155
0.467023347
0.166848802
0.1998064
0.76365331
0.179965759
0.113713527
0.772737876
0.50705567
0.227162714
0.189402101
0.73338359
0.162965091
0.053848365
0.293640669
0.535123177
0.61031414
0.072597824
0.76582542
0.744529412
0.743664088
0.58947399
0.091903072
0.586565042
0.102353654
0.431101865
0.68653772
0.077404959
0.094287572
0.042489962
0.680022904
0.338137788
0.293451335
0.288838045
0.683832316
0.060138559
0.627019689
0.172699552
0.777791525
0.164676378
0.799402413
0.089186759
0.588099817
0.718387828
0.25748651
0.125285299
0.313472295
0.12645318
0.665353864
0.123479119
0.073627723
0.137690627
0.187636253
0.062654637
0.075831646
0.770119719
0.108823181
0.165762568
0.030951594
0.636847432
0.116516325
0.581897963
0.097809958
0.365889922
0.91826103
0.288986225
0.188957696
0.314616659
0.117939782
0.435734197
0.475898534
0.781121301
0.07065882
0.61668343
0.389730046
0.251694511
0.701480203
0.736448494
0.552194417
0.277946902
0.785396342
0.653425726
0.060815256
0.758891596
0.772110426
0.617161271
0.384334895
0.431231332
0.585587284
0.079085867
0.577044097
0.606398491
0.582749225
0.529109502
0.132520696
0.263153242
0.765058792
0.178581715
0.722459818
0.32615092
0.523513086
0.229078762
0.904156656
0.551483413
0.106294138
0.080678492
0.09910924
0.13319285
0.622752308
0.404172379
0.228771935
0.119221311
0.297984967
0.729843163
0.095029555
0.579255647
0.508857239
0.079715094
0.416829052
0.313612732
0.664868571
0.674586813
0.216628374
0.69724275
0.668637398
0.617310074
0.785612011
0.526472822
0.033798184
0.026591313
0.02447049
0.774837996
0.255198691
0.292389852
0.662940857
0.088910852
0.099227488
0.02681118
0.68808124
0.584766797
0.769153169
0.706853181
0.752657055
0.616248161
0.137533676
0.112593357
0.219369595
0.313852847
0.486881342
0.185732122
0.361054311
0.175528858
0.72459447
0.767292796
0.730393315
0.114603193
0.21313029
0.272930197
0.124857712
0.665874433
0.125619809
0.106923206
0.150145303
0.759073448
0.76078229
0.782966982
0.275828544
0.33794631
0.192795628
0.215095289
0.188279732
0.403173614
0.320699217
0.551925602
0.314132258
0.104538191
0.024088997
0.76386914
0.59161876
0.763451491
0.057965454
0.045033108
0.763422977
0.13978932
0.751830898
0.37971417
0.523223944
0.098639534
0.749763098
0.191531132
0.761054585
0.301422673
0.202400231
0.743907432
0.671758036
0.612158133
0.359055016
0.46360965
0.564516629
0.459199941
0.692206355
0.136030531
0.529075985
0.075243501
0.697555052
0.769923827
0.087393582
0.526832645
0.41056634
0.312468377
0.422286521
0.235217631
0.029770916
0.644372572
0.121444818
0.9943647
0.349297564
0.715246255
0.478928482
0.396495572
0.793470152
0.578403834
0.31450765
0.66918648
0.075582327
0.137059258
0.686032788
0.787678205
0.060419849
0.559073476
0.047609273
0.77433316
0.077631884
0.074659657
0.750660351
0.762886224
0.033913315
0.132166676
0.764895434
0.782040924
0.695847925
0.653735939
0.634741524
0.635858639
0.581163189
0.588425633
0.667992116
0.049523971
0.697106787
0.241063239
0.589674765
0.717421765
0.106047855
0.380717681
0.431149624
0.680621153
0.06800391
0.434781582
0.522578944
0.264124291
0.648802117
0.135499311
0.702735138
0.471132995
0.171508912
0.260015264
0.092905885
0.249652815
0.109187097
0.087170377
0.267978772
0.256659779
0.473023461
0.493559701
0.674653211
0.610786909
0.768393829
0.148782189
0.805042675
0.366689703
0.210000735
0.34101513
0.726038947
0.665069378
0.329050211
0.183327958
0.713376093
0.7716255
0.644428286
0.457896756
0.087897695
0.749285009
0.103439172
0.534597904
0.240890502
0.737659483
0.141033204
0.222028909
0.968981868
0.462534802
0.174866648
0.404568963
0.411936657
0.708675084
0.193750403
0.577776365
0.628997541
0.16201891
0.697854253
0.29655856
0.285284335
0.649908713
0.129223776
0.081252355
0.657386346
0.194685353
0.12712883
0.266695748
0.239596957
0.565370292
0.144544276
0.341580049
0.406283009
0.766916222
0.411533442
0.604440547
0.746313371
0.705614864
0.920028216
0.18976002
0.123767888
0.734937965
0.112871699
0.102927509
0.186941686
0.520520008
0.248701478
0.204429285
0.216406678
0.196734427
0.725660441
0.42721389
0.257033994
0.695169791
0.348680089
0.191685809
0.691103628
0.669347496
0.208425425
0.188104758
0.076102698
0.807706
0.150490143
0.272236036
0.614811129
0.226178152
0.170567119
0.169405207
0.647358585
0.654852328
0.392755599
0.45347734
0.781890198
0.706747982
0.132414726
0.782525424
0.734450794
0.396877065
0.442885436
0.145434902
0.663210486
0.597776623
0.343220012
0.257947721
0.385202242
0.224056289
0.189606392
0.731272277
0.14666442
0.300607158
0.332164621
0.734887696
0.155732487
0.762819946
0.676785289
0.767997841
0.581283361
0.189788979
0.204860352
0.766436045
0.278238401
0.063354758
0.28181015
0.51793981
0.580726953
0.599978089
0.563636342
0.19382037
0.733406875
0.220602761
0.250088575
0.308047891
0.630650589
0.211067916
0.172609484
0.112608061
0.11616637
0.366097424
0.549898702
0.601497984
0.181616106
0.685037579
0.081387576
0.074392948
0.322096777
0.08175927
0.604065554
0.655718358
0.056720422
0.396788477
0.719254555
0.591665601
0.224551337
0.625079017
0.111171521
0.290548901
0.559817913
0.765474844
0.129278766
0.791013675
0.422409327
0.649497745
0.559665681
0.445779861
0.700241957
0.71258539
0.420451555
0.757368101
0.64699932
0.731328645
0.527887874
0.10298509
0.642976616
0.069438999
0.493988045
0.791220626
0.104167346
0.756133605
0.471943248
0.556835051
0.408558523
0.684348624
0.11638055
0.088696379
0.388224891
0.482214031
0.502923387
0.778466323
0.497107772
0.644870727
0.786945628
0.700732131
0.395277478
0.711180465
0.579354845
0.063023506
0.528889203
0.737736444
0.143073978
0.777956283
0.584397848
0.409222758
0.214210067
0.080307509
0.307602972
0.763910774
0.168624423
0.581420421
0.300505928
0.612279097
0.771639087
0.781031875
0.125559538
0.753592686
0.640409299
0.624683981
0.730794061
0.671753724
0.718056566
0.600469317
0.614330206
0.502650601
0.773400452
0.663822497
0.744402797
0.107548175
0.091356785
0.258398088
0.035855075
0.096876319
0.097954879
0.143501698
0.768717987
0.051401363
0.61203672
0.693369911
0.786495613
0.468899971
0.183179895
0.268139062
0.252769422
0.482365459
0.092605261
0.775996497
0.181582432
0.795351175
0.436740417
0.458534459
0.761591922
0.752293656
0.528449976
0.49465329
0.288025141
0.472009646
0.766726935
0.766344159
0.759891475
0.555981767
0.714444024
0.157410993
0.73578326
0.066960132
0.707325836
0.113953657
0.1868112
0.0871108
0.702816368
0.104705362
0.37469244
0.209899249
0.382316673
0.751399249
0.784044468
0.738742685
0.594740507
0.515232157
0.197064136
0.620812969
0.594652299
0.779714838
0.782176994
0.39712719
0.69355497
0.093005918
0.419637736
0.766734599
0.775915609
0.776845774
0.597262596
0.099068259
0.315445955
0.198653552
0.445769799
0.252575842
0.27528114
0.371939805
0.159894242
0.176406432
0.562882729
0.717556154
0.19910522
0.692984203
0.731062047
0.746337019
0.287179419
0.395882941
0.337938894
0.781189356
0.247770517
0.660332292
0.085547408
0.132621181
0.251383133
0.56355515
0.118111794
0.088156939
0.422572256
0.382408183
0.105048058
0.743591681
0.443964665
0.527158848
0.378825323
0.161341363
0.081447376
0.36595995
0.355781838
0.500821017
0.162505301
0.135834191
0.062101913
0.518877267
0.151360672
0.143217504
0.73542829
0.286288686
0.422627486
0.446608761
0.724627566
0.754382216
0.188546723
0.236446325
0.094733688
0.262469222
0.267248066
0.094829536
0.287066109
0.119782361
0.724480785
0.098912526
0.763945607
0.452595871
0.5271341
0.677344288
0.230153648
0.477890009
0.463343988
0.751541075
0.170295176
0.695757237
0.92560622
0.357178327
0.161357786
0.475069916
0.68828855
0.589271437
0.075703525
0.327195546
0.055691487
0.142384748
0.920466072
0.770685221
0.776766762
0.193327352
0.516447173
0.542643947
0.428822433
0.150372431
0.19029664
0.072786904
0.70818841
0.781371715
0.115463916
0.657910218
0.219887627
0.745491369
0.115699092
0.251835886
0.218516522
0.362152357
0.095076401
0.548058885
0.380980744
0.760838381
0.228309967
0.787598222
0.680137082
0.196488707
0.087603407
0.671086792
0.39144765
0.3648592
0.761797062
0.17659928
0.750352763
0.627440756
0.711564121
0.651311773
0.09529753
0.198550936
0.166153982
0.577486203
0.39950612
0.774618871
0.046228365
0.369687746
0.457459702
0.735694179
0.126449164
0.640750981
0.383020135
0.806465833
0.770785837
0.142987392
0.778355286
0.174376634
0.753003332
0.76957576
0.062477721
0.109273728
0.760805521
0.7348797
0.749026944
0.992971352
0.712889442
0.767725789
0.665453539
0.773852908
0.457453963
0.151994498
0.142962136
0.042839523
0.153260371
0.241392775
0.359723586
0.802658534
0.341226817
0.113937689
0.646206333
0.076564979
0.743717014
0.677024485
0.057191149
0.113338094
0.291997116
0.065294073
0.682195439
0.774817232
0.558562071
0.114165289
0.76043757
0.142900028
0.126074076
0.282982201
0.105272001
0.461461872
0.157064633
0.105565194
0.494296719
0.666492946
0.338193621
0.731994894
0.35561263
0.682773977
0.777325795
0.711100099
0.232678468
0.097022607
0.468621852
0.229985422
0.370872736
0.45522029
0.228108569
0.665487912
0.234636428
0.083559965
0.696937055
0.763246709
0.735873474
0.740117511
0.613686001
0.405676512
0.605645474
0.069869068
0.749166517
0.666719685
0.654807212
0.754616108
0.708904952
0.190634075
0.317411142
0.1672513
0.107184577
0.283677092
0.751236772
0.067291354
0.706609626
0.723810762
0.079034973
0.454891313
0.192740969
0.079468336
0.746872907
0.148746027
0.369958438
0.760356813
0.218323441
0.17297104
0.5972695
0.579491072
0.380567786
0.798713561
0.328412615
0.115839957
0.051854788
0.196133172
0.805745013
0.746719155
0.227550631
0.308315387
0.366212368
0.75492755
0.407905398
0.604339493
0.095049995
0.75793775
0.208388729
0.540114392
0.448839551
0.773435464
0.329697082
0.289516413
0.498487286
0.371551582
0.507576312
0.085430169
0.487277302
0.244787929
0.641747359
0.750884401
0.31012531
0.287073062
0.417793753
0.184868689
0.089684753
0.761940952
0.675670664
0.689466046
0.214142132
0.066150518
0.097076925
0.289134559
0.721529668
0.040694962
0.208627209
0.779470572
0.738380568
0.472863376
0.728760184
0.222571523
0.566808725
0.720037733
0.345742061
0.076262562
0.779157229
0.715438209
0.203117919
0.081270189
0.664814606
0.429186807
0.4062279
0.393169483
0.123778277
0.736893664
0.751408795
0.095915157
0.91224757
0.176135495
0.352609391
0.191737638
0.066233409
0.161607065
0.294701568
0.109354925
0.807945169
0.401651908
0.10647767
0.112810412
0.469961586
0.268325997
0.772749862
0.074168097
0.133564904
0.083086227
0.148133665
0.131828422
0.781608645
0.62837615
0.750742381
0.22973909
0.160657558
0.800156362
0.212137587
0.775115961
0.183443145
0.745714916
0.221693148
0.084225092
0.21963332
0.504611281
0.711974328
0.748048386
0.737651463
0.103126729
0.171894232
0.816005237
0.698898209
0.581974285
0.061230008
0.397108751
0.684914169
0.133045134
0.11252434
0.813146567
0.266330608
0.643960508
0.782809572
0.117240808
0.68886508
0.423094854
0.773475494
0.152537716
0.187614672
0.056077811
0.082584503
0.781731967
0.104480906
0.18787649
0.705384705
0.167639046
0.128643793
0.786274569
0.689969349
0.155268311
0.163350101
0.272539105
0.802433573
0.818310804
0.217072544
0.381126965
0.490080535
0.421802187
0.794167424
0.587393608
0.280357009
0.501757009
0.432384559
0.661322916
0.321873563
0.652685395
0.715357796
0.058960687
0.289716026
0.177086616
0.064639872
0.267078645
0.559276193
0.200956093
0.708273759
0.82194448
0.767666597
0.231019162
0.724473517
0.774985541
0.790214
0.335721034
0.323786805
0.772034381
0.346018166
0.777269339
0.780694185
0.780361688
0.796180276
0.526530615
0.483310487
0.125543755
0.784081928
0.471630014
0.70850765
0.431253009
0.685552812
0.724106733
0.058389296
0.758662121
0.778445328
0.182129313
0.444512972
0.100455536
0.096222692
0.411193111
0.362804476
0.469710119
0.110260177
0.125948353
0.174340815
0.203718559
0.476459162
0.079320699
0.242157573
0.730472822
0.578115885
0.510366175
0.104780547
0.817739364
0.808890311
0.235020314
0.768887967
0.603473079
0.48746199
0.313356454
0.060571014
0.297465896
0.554060074
0.780115336
0.060592845
0.771200257
0.16767691
0.738178757
0.111711709
0.067460129
0.450289444
0.066659312
0.384024989
0.441354962
0.293504286
0.512194748
0.722349231
0.207660565
0.588148306
0.408489179
0.420379194
0.630107725
0.260874326
0.244915127
0.463794019
0.082061271
0.050129539
0.918982648
0.323182965
0.433337475
0.067144378
0.805833511
0.303416885
0.734241651
0.375628672
0.310095364
0.483607456
0.673041462
0.159844341
0.260789022
0.250917439
0.736424735
0.168849443
0.519254439
0.130991145
0.161312622
0.307832364
0.342895222
0.563915364
0.183598045
0.292955474
0.217861858
0.511016556
0.735303957
0.139221906
0.182891742
0.724292648
0.176070262
0.152557008
0.593931777
0.143160749
0.77936846
0.325711499
0.122782896
0.538989404
0.176700781
0.179142802
0.754733888
0.467553546
0.149788829
0.124517683
0.079059098
0.744260724
0.122609365
0.79907
0.725310432
0.168369874
0.256969273
0.709284543
0.616539587
0.71978513
0.056477704
0.049694397
0.744671569
0.626103852
0.694112804
0.131523942
0.207018636
0.211498063
0.414848203
0.104718438
0.089792573
0.774414922
0.638035273
0.704335726
0.660482221
0.634728837
0.779967772
0.795652299
0.203578374
0.062779125
0.202843023
0.139912266
0.081685684
0.749640339
0.077098783
0.66885008
0.746273087
0.097671587
0.559349407
0.701898843
0.798405101
0.548850015
0.066653759
0.195278573
0.102624663
0.16804951
0.106197299
0.104907366
0.139477384
0.16575014
0.13145063
0.101940793
0.147004707
0.792080734
0.080708627
0.76070872
0.755273096
0.76352184
0.766783974
0.075243805
0.77959704
0.521500555
0.626676085
0.202886425
0.234269182
0.07825714
0.738095095
0.208770197
0.690366057
0.631742326
0.318444482
0.653441196
0.335972413
0.189508141
0.077394118
0.109226816
0.728744731
0.772128001
0.079888722
0.523293666
0.202344338
0.577411886
0.702680451
0.490711123
0.267971566
0.118603678
0.749301036
0.103861274
0.313465852
0.154701175
0.723433765
0.674072248
0.114255585
0.720936428
0.58691464
0.602786466
0.769394757
0.584491636
0.108522105
0.12244317
0.232329406
0.286962488
0.042142282
0.064929054
0.242563617
0.773524729
0.498614627
0.141717322
0.102789785
0.572784686
0.120677463
0.219293866
0.578791836
0.043206463
0.059011246
0.50938677
0.081108238
0.529267222
0.615935354
0.093449902
0.23028179
0.236256899
0.294874254
0.317345218
0.170018838
0.143596892
0.768130229
0.69014948
0.12570283
0.796563408
0.268392668
0.752396846
0.313656262
0.116917861
0.170496213
0.121245716
0.513751012
0.137478065
0.369225823
0.208106841
0.66220774
0.696489597
0.103435301
0.5993254
0.23361305
0.537723402
0.577750045
0.785087025
0.733816843
0.159483112
0.681828963
0.1835863
0.24507805
0.621498693
0.091936214
0.234887651
0.167777707
0.243460583
0.420361157
0.429264847
0.239116342
0.772038313
0.130004936
0.447989186
0.65094922
0.630182869
0.301617131
0.622902351
0.679248193
0.54005186
0.579945149
0.330055687
0.321869666
0.633734425
0.609963614
0.170374308
0.458473974
0.166946388
0.323247753
0.586066815
0.140573479
0.045792418
0.187982326
0.283810058
0.232096906
0.094816345
0.147405672
0.058946187
0.243375749
0.469118078
0.313965286
0.08785769
0.129184763
0.121700753
0.09278383
0.091640175
0.540620123
0.601653092
0.153677589
0.378523607
0.762062178
0.137663408
0.642339327
0.036986571
0.783034785
0.30993863
0.692922946
0.216704343
0.181680817
0.495542703
0.530773041
0.182682136
0.452637285
0.496041851
0.315004726
0.113472409
0.050724536
0.584595858
0.608608605
0.088489513
0.06015858
0.083124811
0.133331073
0.206495166
0.065488194
0.744522168
0.530069185
0.742122827
0.636940474
0.580750005
0.494437783
0.774360533
0.768208792
0.430247443
0.151305002
0.091142647
0.485575055
0.195210682
0.781020433
0.124930679
0.158578455
0.190433663
0.021505749
0.633016066
0.109199946
0.415001424
0.485379811
0.528560243
0.081487785
0.051775666
0.10553626
0.228338588
0.678511789
0.758659065
0.077534377
0.274387873
0.329326081
0.29548262
0.565363712
0.329167042
0.764644676
0.050779467
0.098090956
0.19495964
0.626687409
0.380343248
0.780008364
0.521667928
0.507484529
0.584379061
0.78870199
0.507544915
0.03727193
0.111318659
0.419715131
0.469866942
0.471253908
0.36152402
0.201049617
0.272119681
0.305480813
0.447505282
0.780020122
0.175008193
0.256147838
0.561170134
0.267240061
0.458602388
0.696842369
0.567345382
0.593556084
0.4491904
0.53117909
0.255244647
0.35832389
0.158227045
0.25627942
0.243695048
0.089811468
0.782711374
0.759833948
0.751455228
0.784173132
0.166317172
0.761915972
0.771578773
0.777609671
0.654974194
0.099019434
0.252485294
0.155955979
0.201217053
0.094019403
0.125609029
0.73298545
0.190877676
0.157639009
0.206113812
0.684274799
0.774400109
0.105302296
0.114216062
0.746091288
0.206676221
0.117824698
0.212687374
0.173516533
0.183495179
0.76689838
0.111790156
0.159639593
0.581469819
0.767944717
0.585239565
0.092165933
0.76612837
0.140910828
0.131688204
0.592518092
0.639973201
0.661655764
0.075113754
0.725666284
0.649526977
0.137769963
0.645854902
0.103821942
0.080975412
0.490630859
0.088983048
0.540789443
0.176213347
0.304194707
0.716115356
0.13706138
0.763862471
0.112431026
0.43041739
0.787902255
0.813195705
0.305837816
0.109360718
0.100727615
0.051443941
0.111395764
0.141325885
0.062198214
0.036200249
0.499130303
0.450951649
0.431587477
0.372299916
0.183837723
0.399160535
0.191242028
0.772047482
0.430371476
0.11165167
0.162808477
0.330808287
0.33420172
0.625638583
0.383599443
0.16233351
0.26905496
0.494358332
0.622273057
0.476333274
0.502491697
0.78313474
0.601371284
0.140013888
0.073758623
0.530310556
0.07581261
0.327707808
0.481775714
0.133126602
0.107135286
0.715780077
0.582836604
0.427399639
0.213986352
0.18990028
0.733520724
0.738518688
0.362802267
0.736592317
0.498855931
0.161012162
0.169050764
0.643062352
0.056231779
0.748211672
0.120639065
0.192606536
0.095217409
0.137856228
0.116744537
0.228006915
0.784984664
0.663531955
0.237113117
0.190233315
0.517019607
0.240693513
0.452841585
0.347613702
0.098030864
0.104116353
0.586775196
0.78092591
0.349155238
0.194776785
0.473334444
0.746891858
0.285569535
0.546365957
0.098085159
0.562329438
0.77063255
0.140409382
0.751027088
0.17633944
0.699181594
0.53871632
0.611650023
0.726496005
0.472285744
0.055654055
0.595313881
0.531809513
0.152100338
0.767935008
0.067893348
0.214639642
0.129457071
0.146716401
0.105498307
0.681724526
0.659793262
0.141297258
0.041515775
0.109884361
0.731698037
0.146030406
0.507682847
0.851334726
0.06633759
0.158821003
0.672908306
0.386367097
0.174637717
0.2235427
0.101005231
0.305443799
0.784552591
0.164488838
0.578103053
0.550949959
0.280155699
0.082716466
0.493141409
0.131342692
0.772620843
0.352862628
0.560807114
0.073205841
0.726589333
0.247365902
0.434143642
0.748571163
0.776246295
0.554273177
0.114556106
0.131227227
0.166776224
0.614442889
0.090521963
0.150014672
0.541511533
0.543265916
0.599541593
0.177992944
0.777577555
0.384895838
0.630333784
0.226982342
0.50565806
0.046010251
0.117498737
0.292267219
0.469428993
0.475939938
0.138895374
0.543951867
0.552733334
0.209660274
0.172988411
0.67395618
0.560269093
0.761521701
0.294133564
0.106975868
0.500997547
0.484991137
0.573313955
0.587329152
0.496228025
0.219118594
0.20856579
0.276848109
0.81381392
0.320919718
0.274117815
0.043031572
0.493833626
0.372804765
0.195424643
0.21584621
0.180529812
0.074168634
0.175916965
0.820705472
0.119584168
0.633767169
0.068168405
0.091981869
0.731310369
0.741868588
0.650208071
0.750308928
0.766474731
0.115597149
0.174140072
0.707532104
0.677014205
0.152975596
0.435644614
0.789300741
0.146202804
0.162201432
0.109686983
0.119465887
0.740275112
0.757475822
0.740613222
0.127704571
0.25358885
0.600795004
0.50199628
0.60354836
0.101919055
0.098109506
0.090615274
0.59218595
0.044277197
0.046116643
0.735894395
0.026346451
0.263467816
0.700222686
0.065071205
0.151909061
0.045999276
0.125332745
0.782373482
0.404196473
0.130681578
0.053263059
0.102986587
0.120085446
0.143759674
0.127565417
0.751657655
0.785380909
0.612244879
0.22079409
0.028318364
0.727804117
0.282667588
0.560791678
0.2022725
0.261184874
0.101785319
0.201977096
0.580169612
0.257156439
0.202426298
0.066959008
0.750274367
0.16798889
0.760518686
0.12426573
0.090884436
0.336247966
0.658910354
0.053794263
0.059016872
0.147950292
0.068704405
0.115392846
0.07768411
0.077444185
0.434662054
0.13643807
0.711492954
0.755061022
0.062113773
0.070762535
0.158338269
0.709523103
0.122905933
0.612471127
0.209494607
0.494504827
0.757092377
0.134160944
0.687578989
0.28960346
0.122315852
0.776289235
0.643367255
0.160460028
0.993581369
0.626378826
0.142091982
0.767983556
0.649873904
0.149165592
0.070126239
0.098686588
0.116484151
0.115048302
0.086777177
0.056375678
0.106184044
0.724958686
0.720185964
0.731097216
0.222787788
0.537853775
0.049164547
0.784591476
0.628727833
0.725521189
0.141407449
0.719341559
0.062632293
0.063260347
0.433221227
0.102495423
0.047294717
0.776350906
0.731303672
0.776377429
0.660384962
0.599647425
0.135389479
0.795000055
0.722925837
0.70434115
0.684948407
0.718779943
0.57535387
0.774821664
0.786331741
0.118847267
0.786929163
0.768236715
0.317048723
0.604077526
0.54837517
0.078289612
0.097009826
0.204908365
0.312788386
0.260475378
0.344938583
0.053399703
0.616813987
0.751530199
0.80463702
0.733918943
0.746251315
0.180398985
0.36094433
0.702093711
0.16779132
0.717384914
0.216272652
0.611700557
0.443260472
0.633735272
0.663784894
0.674138848
0.138175216
0.740344221
0.024759885
0.053680045
0.184225306
0.276839553
0.338914279
0.163586995
0.212004538
0.189861222
0.047207255
0.149810737
0.037672917
0.275872551
0.359225302
0.345014623
0.087693022
0.219173744
0.076782124
0.076531672
0.629335711
0.246509543
0.386795682
0.281066511
0.080714694
0.598333185
0.556252651
0.098184213
0.102779575
0.786410267
0.194924312
0.729680752
0.348107668
0.299723608
0.199519041
0.096007275
0.052360583
0.227650428
0.168788905
0.260667142
0.370051641
0.081608672
0.386922335
0.313551065
0.255170409
0.222486764
0.545507582
0.363742651
0.07306707
0.24040573
0.454238861
0.437974047
0.243855962
0.059475027
0.237585405
0.570506373
0.840478372
0.311012102
0.040948607
0.25283059
0.532707281
0.19191737
0.143366938
0.201293701
0.203514563
0.575074912
0.48444162
0.23240011
0.103751987
0.159131264
0.048667518
0.503513391
0.403388383
0.461260757
0.291316277
0.424374609
0.45187396
0.083656012
0.097233207
0.461040522
0.21926019
0.108607229
0.322824528
0.560562545
0.463587427
0.056883354
0.651644623
0.610312162
0.591895466
0.52720631
0.703208825
0.529170905
0.116326471
0.123080312
0.363425637
0.047207918
0.417616242
0.668424417
0.745653556
0.567725545
0.242624567
0.266583483
0.471086892
0.482051953
0.274776314
0.752989933
0.801830874
0.605302376
0.323052067
0.282629267
0.650156899
0.389276227
0.607090942
0.134831357
0.168473161
0.595766244
0.329508399
0.599125444
0.600790497
0.726569324
0.657204161
0.529515168
0.36483905
0.625962611
0.524319853
0.21798193
0.186214813
0.097714111
0.27152898
0.250175688
0.308943634
0.3183295
0.99408932
0.118834679
0.448467821
0.363718992
0.591798302
0.283389715
0.071752745
0.101512472
0.767883608
0.113486526
0.266822406
0.076608745
0.220131137
0.50059547
0.58474171
0.529885129
0.064210937
0.219759667
0.323130193
0.337197558
0.131306108
0.028372652
0.357375452
0.552314554
0.819853317
0.359027913
0.353116231
0.216405035
0.289284318
0.105328421
0.390348792
0.171349936
0.330303131
0.672004526
0.495566612
0.341669617
0.595004268
0.27917842
0.213847874
0.092289729
0.12572892
0.317982418
0.371347901
0.113774595
0.280038358
0.120732925
0.218257638
0.433466841
0.286909135
0.342290644
0.329325084
0.348274513
0.279859233
0.772119273
0.739981119
0.247965212
0.243639046
0.771654411
0.477317382
0.100930867
0.146394863
0.165224623
0.228911094
0.223381809
0.269795856
0.313547153
0.59941064
0.338713912
0.700196681
0.604652174
0.754222334
0.138350618
0.074536011
0.309229302
0.538647543
0.300670725
0.440239478
0.141397093
0.208401938
0.233691007
0.158930206
0.782608709
0.088956398
0.386831874
0.186263827
0.689698271
0.713331161
0.289696397
0.770047019
0.701290622
0.579222772
0.731502792
0.585159801
0.268028855
0.468225969
0.657266795
0.650777369
0.483319931
0.736213278
0.09329078
0.625092361
0.542556809
0.848214479
0.670628749
0.135213695
0.768853844
0.18928539
0.802773597
0.389239159
0.216241191
0.624407031
0.657344426
0.558608928
0.750907937
0.433473538
0.735972533
0.472050192
0.28461939
0.670366375
0.226755909
0.732817594
0.644846385
0.342864219
0.34071478
0.749523342
0.792518141
0.309730331
0.278123851
0.757201749
0.114708382
0.623136172
0.13152943
0.576727139
0.740822726
0.179502402
0.75036193
0.674023362
0.659402875
0.688799346
0.490148321
0.750903713
0.299233867
0.19656354
0.825331129
0.302262309
0.16447188
0.273555395
0.786869433
0.193355203
0.109348553
0.304224845
0.110734624
0.399724624
0.193715627
0.068429619
0.509612756
0.122690632
0.51589204
0.126890439
0.665699419
0.138850942
0.18988316
0.420892705
0.182249513
0.67177608
0.636276718
0.253676815
0.44273531
0.200705201
0.759107176
0.324463766
0.226461356
0.301874644
0.587459611
0.251051996
0.717927404
0.536690049
0.13325567
0.500110457
0.546484669
0.577660506
0.206922465
0.486731267
0.333864984
0.069482306
0.512469755
0.593792126
0.096264254
0.744732843
0.693771993
0.06193971
0.107868027
0.56464161
0.781915956
0.764594561
0.468485131
0.781065146
0.17918037
0.177985531
0.434252891
0.141534427
0.102770412
0.483549739
0.56517346
0.511615985
0.065333236
0.784834914
0.461958289
0.550389088
0.249773604
0.663699415
0.74164114
0.77823831
0.755497512
0.534193927
0.738483738
0.639329909
0.705811149
0.051524948
0.757206792
0.533732773
0.785035439
0.555078524
0.36449494
0.128166253
0.067598616
0.710273994
0.464843283
0.632122819
0.120075127
0.747641494
0.072714968
0.510539774
0.766214857
0.542822406
0.781395354
0.228582568
0.508757061
0.376958978
0.361909776
0.778667722
0.538013009
0.79925533
0.779060547
0.780630523
0.758890873
0.775511257
0.779782636
0.409818604
0.7766589
0.154547448
0.599961338
0.593991458
0.068173491
0.143786915
0.142784757
0.27766554
0.668485815
0.067350198
0.675288443
0.140851211
0.139592578
0.311401307
0.357218349
0.479774078
0.106104981
0.784459507
0.425783653
0.597063516
0.453893397
0.258743904
0.200974337
0.466333123
0.253705853
0.038266663
0.691913799
0.043210966
0.370425823
0.119715888
0.506997158
0.2439449
0.757724234
0.778015694
0.130018877
0.757295019
0.308376969
0.143995134
0.484610958
0.514363298
0.398256113
0.532768299
0.523852732
0.404470705
0.188714253
0.623793353
0.193962201
0.13402714
0.544665361
0.64150573
0.642405023
0.69579644
0.202799855
0.262313204
0.144286045
0.75322094
0.732102951
0.106091222
0.662370213
0.659424412
0.197467453
0.519058975
0.570843467
0.711292431
0.186937991
0.379153204
0.699227413
0.17397349
0.554308052
0.475318468
0.27021602
0.231740565
0.061673118
0.430673107
0.674202682
0.299402607
0.541099851
0.047933011
0.779921481
0.763624445
0.531192694
0.652240829
0.167291121
0.297147219
0.744756479
0.68578879
0.473883709
0.77537469
0.748164
0.652272191
0.771346675
0.169071333
0.628365748
0.448234129
0.780680619
0.408452911
0.568162657
0.782474961
0.071626895
0.764286737
0.160158504
0.307922645
0.559880069
0.348621962
0.365462609
0.202365354
0.779023758
0.753208459
0.160211696
0.502655952
0.770232039
0.726825818
0.224300438
0.448183858
0.498225069
0.167953563
0.105151608
0.7637349
0.407125616
0.777149794
0.066337781
0.418207121
0.739296944
0.426266227
0.172966861
0.664794367
0.314160248
0.443778456
0.523300874
0.217358193
0.206416845
0.523234414
0.186850788
0.618765187
0.083990099
0.124720384
0.74558541
0.180168874
0.661740729
0.021861556
0.614709843
0.286697187
0.168578038
0.576188788
0.237408069
0.076365674
0.427017244
0.120857239
0.684579666
0.653128606
0.704924099
0.087732225
0.083180123
0.205026716
0.560876124
0.511987044
0.571354646
0.713411536
0.381734367
0.803794024
0.58338154
0.800591883
0.37033445
0.68054863
0.031833936
0.52235736
0.617955867
0.416682656
0.2784922
0.153207111
0.316333569
0.770386381
0.02515334
0.74245104
0.48253855
0.10942093
0.778645839
0.20436783
0.289121761
0.296883557
0.091585286
0.615400677
0.348695289
0.6260434
0.107686006
0.096147072
0.544895565
0.199427724
0.114081562
0.513098639
0.547028206
0.393676643
0.206091016
0.751187156
0.753846181
0.279819804
0.04464762
0.422927279
0.53287469
0.703600505
0.507678335
0.447547332
0.11263996
0.610702151
0.183833283
0.194670939
0.484663375
0.685292928
0.360148384
0.682977598
0.087212016
0.608964017
0.152289179
0.296473112
0.142287166
0.801494167
0.186167028
0.328420234
0.190839055
0.550086043
0.474501207
0.120355916
0.089172066
0.232158721
0.37175355
0.094880624
0.234639254
0.258651069
0.270154737
0.903636762
0.775701303
0.404503001
0.018048714
0.208084072
0.261826338
0.719770543
0.417446058
0.05144004
0.361949293
0.174687329
0.145096741
0.380954
0.083303122
0.401696485
0.304144871
0.239240821
0.15769633
0.353731717
0.407330656
0.544155284
0.402441242
0.268419355
0.767766397
0.227909152
0.125947142
0.384635897
0.145544975
0.445018709
0.392639819
0.362869019
0.216093845
0.265734102
0.284289523
0.135979402
0.241958493
0.699044828
0.376994456
0.448005967
0.755896451
0.793210367
0.130058027
0.707130221
0.782332575
0.111942827
0.320312541
0.115709557
0.236507887
0.331943207
0.134929468
0.176918026
0.22757731
0.164106658
0.752116563
0.691593953
0.761131351
0.77303821
0.080766046
0.661480942
0.139171871
0.77481832
0.116433567
0.776094074
0.186007593
0.729525406
0.053785427
0.764140617
0.774047691
0.288706442
0.312572345
0.237647482
0.307387137
0.147216508
0.244772538
0.244665828
0.548836739
0.684735007
0.187138647
0.767175798
0.764210366
0.764280694
0.782505369
0.789856793
0.454586015
0.067280397
0.251027435
0.477220618
0.248555394
0.772438476
0.206417519
0.603150075
0.525372592
0.16267886
0.782551876
0.792259765
0.056176944
0.153960456
0.752150091
0.797601669
0.587919753
0.718313213
0.253076346
0.079530016
0.161703736
0.601777753
0.482833363
0.494367948
0.792621264
0.097461337
0.586539222
0.525372566
0.486642077
0.170412513
0.784771488
0.050595505
0.595461346
0.75187583
0.085517207
0.083105493
0.587506265
0.778188845
0.775983235
0.767792291
0.716909147
0.416405881
0.429385969
0.530084396
0.28709344
0.047460639
0.40869226
0.052518765
0.181429349
0.201091712
0.448576335
0.088831945
0.152763559
0.046578556
0.266489656
0.194409453
0.471430666
0.12386444
0.326015103
0.529497405
0.323513473
0.334044416
0.617415324
0.129821234
0.711962863
0.701781681
0.763432043
0.21476136
0.777664454
0.037983085
0.088622162
0.34210075
0.44477117
0.185559894
0.199610261
0.150472896
0.06288911
0.780128716
0.781247965
0.037347283
0.098107795
0.207238903
0.100296478
0.146400817
0.702400794
0.762757499
0.754897131
0.684850896
0.74618841
0.776572338
0.16843087
0.208503413
0.782926554
0.577210036
0.15883605
0.144871093
0.077136745
0.300728137
0.130235774
0.613730562
0.706686199
0.780873495
0.776434619
0.095384555
0.341828393
0.741798359
0.777452429
0.073915317
0.763037239
0.10194512
0.103206601
0.078833261
0.074264061
0.714758056
0.031806945
0.073729409
0.545732029
0.147803383
0.140426962
0.788143853
0.084043059
0.531850998
0.104446534
0.531644645
0.545229839
0.070944214
0.031495233
0.035195363
0.453471713
0.067282463
0.18756386
0.607982831
0.754346685
0.761037017
0.621979432
0.042427965
0.198459793
0.784736534
0.587760838
0.669392343
0.078851648
0.73901889
0.709745248
0.651787804
0.727707213
0.738034186
0.743988845
0.106853944
0.036604986
0.398629631
0.049056091
0.257871153
0.037074783
0.077804928
0.784447236
0.295840979
0.714067841
0.28504877
0.247038435
0.542085914
0.781237257
0.027071095
0.784695515
0.120952521
0.043096049
0.136380425
0.070669543
0.098518262
0.075664361
0.106588832
0.272014917
0.565937681
0.673652337
0.675183986
0.185057734
0.15104585
0.22078014
0.062738628
0.079459027
0.047625095
0.570206776
0.179372434
0.068828801
0.086419987
0.753647216
0.062905699
0.779082988
0.071678031
0.740845039
0.691222288
0.10980626
0.75084412
0.141099131
0.308090686
0.214444245
0.134469539
0.581282531
0.097983725
0.148314003
0.156859163
0.77039042
0.097493826
0.708533573
0.07027253
0.775936907
0.669729064
0.158430773
0.777200802
0.082886849
0.109123813
0.09639981
0.164045443
0.163357718
0.369332883
0.146586527
0.558050546
0.729459958
0.215614346
0.745529229
0.098428297
0.308137816
0.082281899
0.78267965
0.159697943
0.798307721
0.443873863
0.759252106
0.616907924
0.3776146
0.138379807
0.091200906
0.159694474
0.120165452
0.710642177
0.75061484
0.129445116
0.085490692
0.742073316
0.037597494
0.702180303
0.742989339
0.712931172
0.044407159
0.03282105
0.673743157
0.719486553
0.742971974
0.090900693
0.721358975
0.744156855
0.079768371
0.740861999
0.722751721
0.670047175
0.689654783
0.358029186
0.686809998
0.678287615
0.741016228
0.133738855
0.143997721
0.663649844
0.253223049
0.093009483
0.437423832
0.346157008
0.088184793
0.744046819
0.586004325
0.09798426
0.803132836
0.263745176
0.157410437
0.087440351
0.262909027
0.771369044
0.131268144
0.759883219
0.655706483
0.723036273
0.071010963
0.67615309
0.256581373
0.603070922
0.067865069
0.069183776
0.074139244
0.817093538
0.093575556
0.138894409
0.113929391
0.118595607
0.750796066
0.789288399
0.18936357
0.278637782
0.684845752
0.133398539
0.086598046
0.108077566
0.412671364
0.264658248
0.222840821
0.785918179
0.137776955
0.778222428
0.717129362
0.498710818
0.723519836
0.681060162
0.774888971
0.143454402
0.215108347
0.740144812
0.369224
0.488856582
0.280661759
0.10219092
0.587890633
0.341497314
0.576894092
0.694560617
0.627644272
0.386013201
0.47767724
0.713425963
0.097697854
0.622675204
0.131463203
0.345256995
0.058982426
0.524491726
0.084689226
0.596020012
0.720947291
0.364743512
0.108755093
0.601171565
0.074512313
0.040937494
0.735340793
0.530800694
0.783089233
0.728986093
0.768436272
0.548784412
0.716350525
0.099168951
0.063180788
0.576047067
0.767432
0.043974973
0.705415595
0.498456011
0.774793692
0.574049754
0.072045173
0.068496231
0.107225841
0.392994914
0.098836394
0.02980815
0.155933839
0.160460331
0.186337905
0.601466396
0.104566461
0.264858419
0.102034318
0.134314674
0.364601217
0.065950673
0.055986329
0.749188266
0.119568078
0.129693699
0.140543585
0.473082278
0.695283562
0.517510916
0.318177464
0.419260421
0.135387575
0.354302414
0.061832995
0.547465437
0.093850279
0.46059393
0.666423353
0.628382129
0.208997815
0.762331207
0.083627483
0.298832976
0.188146199
0.101634361
0.10272328
0.493491982
0.412984334
0.294186865
0.650744641
0.587807778
0.468427444
0.225354461
0.402406418
0.516197215
0.248460768
0.118073861
0.428579786
0.109737483
0.20450549
0.139045787
0.712772955
0.7624466
0.619685909
0.685913821
0.558770177
0.750044467
0.329433691
0.178390509
0.380579828
0.612398049
0.752063237
0.52900387
0.76770944
0.106564818
0.263015575
0.781316628
0.26287268
0.574356768
0.148433913
0.677640071
0.044030339
0.265242357
0.314377874
0.323189372
0.578973737
0.086525931
0.130986261
0.444714687
0.1386802
0.799634309
0.5599192
0.784404191
0.64772221
0.789828665
0.554205262
0.489874283
0.56810073
0.444714997
0.510976321
0.208398267
0.11706803
0.160662159
0.138551454
0.674185569
0.098915006
0.171934801
0.087818796
0.13986558
0.034135851
0.326305243
0.079298891
0.760274178
0.173214907
0.753208168
0.257105335
0.154972806
0.049045778
0.349175512
0.142840147
0.208579523
0.181312205
0.758562077
0.733197279
0.187346277
0.762162386
0.181847383
0.051342551
0.097317552
0.74510275
0.098661259
0.145586944
0.166907934
0.523233398
0.165252396
0.176857988
0.152242768
0.762340358
0.039132506
0.103376438
0.154597472
0.781717749
0.287522522
0.107471116
0.14686818
0.161616432
0.075565778
0.292808768
0.165604988
0.42680667
0.575109525
0.064542811
0.231361071
0.147782129
0.721538711
0.167765938
0.600977718
0.58738558
0.723241622
0.102453876
0.151056792
0.022080851
0.753960052
0.464569977
0.188722327
0.588949742
0.464928783
0.023141675
0.082075306
0.102190161
0.159309473
0.181412443
0.650968387
0.088585129
0.736372963
0.318018991
0.193594261
0.716719635
0.379549211
0.221912393
0.770869655
0.144435184
0.724903984
0.224372086
0.393366797
0.228670099
0.802895055
0.40594004
0.778084194
0.08055993
0.097074212
0.143598827
0.175295942
0.371611864
0.734929882
0.78998016
0.415942903
0.463668241
0.434075879
0.398005486
0.278302841
0.764637751
0.366040514
0.206581626
0.106636817
0.645095434
0.832396516
0.144573483
0.70971978
0.141040421
0.158683657
0.135871324
0.676868432
0.267834204
0.76107388
0.11575529
0.217173786
0.254418736
0.122052255
0.10127763
0.153520793
0.184585001
0.645730467
0.63106424
0.713709782
0.096802143
0.099456924
0.779115611
0.749738112
0.772356361
0.75654588
0.184889145
0.564512569
0.780281762
0.104055675
0.76510709
0.111375781
0.13392381
0.10511261
0.102721717
0.088523436
0.711551099
0.737449352
0.573052836
0.103630285
0.120552058
0.60063729
0.513651845
0.779108711
0.642934708
0.047511905
0.767323605
0.8028562
0.083484937
0.625082558
0.128308687
0.762441993
0.347078232
0.13856682
0.088433474
0.118480391
0.741650732
0.365300998
0.135299896
0.766218551
0.598642559
0.146283772
0.589459014
0.18791795
0.621120119
0.692317287
0.089851074
0.241329209
0.120771747
0.094091581
0.752340669
0.175595002
0.445180176
0.759773563
0.730658494
0.100576287
0.544770548
0.098295549
0.043413703
0.099895964
0.093466749
0.756446438
0.082884496
0.158599634
0.803378809
0.625315698
0.14733007
0.56650825
0.238352776
0.10500149
0.052320276
0.705201159
0.069936201
0.733915991
0.759801494
0.784207396
0.564236771
0.246413355
0.5220175
0.101614725
0.250375379
0.685085618
0.781042353
0.338421163
0.162441173
0.165574545
0.784163768
0.232467845
0.236817833
0.084409015
0.069621602
0.733635718
0.141130001
0.155345455
0.560063965
0.183224393
0.176482256
0.771250756
0.741503091
0.807497603
