1.662587361
1.4286246
4.127374817
4.469029422
3.518563312
3.994446264
3.214627992
3.416259758
2.148088655
3.710840313
1.85538942
3.408850983
3.248548952
3.40128454
3.955926241
3.52577048
2.788035709
3.5720566
2.144334204
3.547538375
2.174964419
2.175217955
3.054640488
1.920782348
2.263320605
3.874650901
3.818461652
4.869506401
5.18363721
3.398889155
3.544806693
3.64014974
2.91058537
3.362459896
3.456685144
3.514223635
3.792537984
1.459999129
2.137045042
-0.160076035
2.126203684
2.21909579
1.875965354
3.053403714
4.389163465
1.961998243
3.044874678
2.876950211
2.108562666
2.552061933
1.873506981
3.746978289
1.65339466
1.731370375
3.636046685
1.509927015
2.410868628
2.641227729
1.826122612
2.40275124
4.483030266
2.743447092
2.843289341
2.583358014
3.733501654
5.0887045
4.08603782
4.655597847
5.228480731
2.482993866
3.758044409
2.690538494
2.953724684
4.645868031
3.019189337
5.706031327
2.208721959
2.298070022
4.415319215
2.959048541
2.569213692
4.395336953
3.039911369
-0.462877054
3.873699305
4.369335294
2.948000592
1.802888873
2.169111707
2.353366228
5.095654361
1.911197049
3.58691222
4.599032923
2.654086136
4.07117017
4.878608502
5.028183857
4.187353873
2.366544004
3.907230559
4.073711866
4.811347935
3.446229954
4.941030454
4.524864557
3.528928951
3.741781651
4.488373035
3.535635545
3.668325582
3.662908795
4.646948463
4.055705393
3.284617531
3.550096164
4.711361887
4.235974167
4.086806514
3.014335236
3.441645919
3.243809034
4.163688163
4.681534667
4.633393692
4.343271131
4.737143533
3.822390576
5.022014539
4.600415633
4.361845873
3.404951972
4.402700481
5.481867088
4.332505729
3.338907248
4.787407292
4.618196415
4.531749431
4.556270624
3.716277098
4.582282304
4.964568921
2.745407042
3.957822441
3.616483333
3.87796283
2.071460417
2.401194979
5.04427999
2.522090742
3.092365079
3.027446668
2.273900387
2.311170475
3.959993007
4.59047518
4.41670888
3.532965859
4.758658166
2.81900728
3.886205266
3.766405147
3.667471221
2.799991501
4.19611647
2.27934536
2.268808859
4.165405976
3.582849792
2.196345081
2.069056939
2.171339405
4.72670109
4.464522053
2.397208067
3.455739695
3.153335528
2.020152063
1.028468566
3.537227343
2.580238502
3.036109558
2.979175364
4.578612629
2.613305482
3.909338042
3.430677134
3.280375471
3.622550935
5.534450022
4.302169293
3.688168426
4.154676558
3.724691339
4.605563895
1.155655826
3.710994258
4.461187754
2.31464579
4.433224316
2.560328669
4.5237931
2.294681211
2.33066288
2.154166963
2.41122989
2.7087934
-0.522584289
4.798796248
3.443183558
4.782992387
3.261544763
2.910094866
2.273758588
4.362481891
2.975056526
4.720624256
3.704001418
3.395813279
5.51496893
4.123331725
4.640039052
4.390648979
2.207881883
3.480134387
4.566397081
5.079954919
3.498633834
3.431030668
3.793308559
3.067968658
4.018512122
4.280195837
4.409988441
4.522007601
3.460524509
4.247083217
4.80940614
3.15887573
2.201396255
3.761631344
2.410774977
3.962609655
2.17296237
2.316910634
4.125317264
2.257613216
4.757112825
4.73674317
4.772935362
4.43222959
2.933332751
3.916976263
3.372950837
1.501560195
4.379518191
2.698060141
4.015354283
2.75469065
4.23686419
3.610558719
3.89813979
3.422128889
3.3351305
4.064157189
2.708264787
3.777429996
1.985474756
3.86379686
3.974366956
4.212722844
3.50387512
2.112177691
2.072249567
3.231407008
2.127842622
3.432726718
2.737102721
4.898657027
3.8279267
3.285705405
3.998784636
2.59970955
4.420014495
3.253772959
3.442710147
4.900529506
3.827959237
5.518249376
3.887821549
3.448415589
4.262319605
3.742106604
3.746192858
3.857419456
2.137998331
3.15005371
4.014542812
3.557820871
2.08006887
4.867522012
2.353325849
3.795034223
4.029449706
4.97358179
2.928108839
4.71644504
2.531264026
2.73641606
2.71329569
4.522330437
3.838150561
3.265534128
3.830777263
2.511094818
3.367063565
2.64036986
4.803726229
4.841425206
4.817573187
4.319919742
3.746869493
3.736661988
3.825288102
4.222735575
3.384939632
4.920276333
4.479603558
2.066005959
1.735838613
3.249798502
4.589976571
2.312336557
3.430097124
1.493323305
1.588607298
1.550274229
1.698546224
1.404110975
1.786276996
1.606295348
1.659296462
4.231591142
4.495231411
1.766684242
4.862891826
3.961340693
2.085608325
1.882789458
3.563965461
4.129496711
3.725643853
4.710329323
3.516272294
4.582193281
5.658487931
3.762245413
3.3323915
5.214199178
4.73824108
3.595130843
3.471525531
1.409323988
4.556326306
4.017575194
5.40138899
3.963655188
3.361414235
3.339443526
5.267724483
4.177801465
2.284359371
4.453085481
3.083011411
3.012859798
3.371807707
4.358746906
6.422445861
4.588788333
4.72772748
4.967376935
4.174237596
2.487653928
4.875039774
3.292138411
3.316750528
3.912876781
4.117833879
5.033269127
4.375514972
2.62872712
2.093044214
4.119662011
3.093300908
4.627466778
4.572949143
3.517989956
4.692160449
3.701090681
4.020552092
2.157350696
3.407099154
4.378342081
3.289708298
4.551644266
2.011717359
4.58114136
4.485422712
2.450114395
2.038442696
3.23758507
4.179040004
4.248255512
3.550034283
2.620275251
4.223031552
3.11995771
4.175999135
2.00524332
3.726681441
3.270263473
2.126351803
4.050266022
5.122275441
4.149228342
3.14641798
3.289471059
3.142311385
4.27717201
3.972518184
4.863011382
3.090455445
4.992569358
4.042685187
2.710223285
4.005886582
4.855755898
3.221441581
4.227022014
4.205926016
4.212909774
3.578394679
4.972913547
4.479959838
5.082171999
3.911895027
3.901844658
4.702741959
4.867927984
4.168406547
3.302045837
4.293265741
4.567348141
4.699844041
4.290147388
4.95936909
3.423480889
4.232578924
3.923759287
3.546490241
4.320966573
4.886522769
2.77345097
3.202454498
4.558335512
4.770851145
2.691743903
3.136542301
3.559251979
4.949425674
3.71959257
4.184112014
3.718735726
4.563536032
4.573642915
5.297359349
3.269895918
4.274273946
3.784534563
3.355142187
1.769613063
-2.45428156
3.088221822
4.091477202
4.419787588
3.067145559
4.535685685
3.207609222
2.998045739
3.037051384
2.745481593
0.804079118
4.034937726
2.032368083
0.863825315
2.159052006
2.97356008
2.292428057
4.676636733
3.122515857
2.083648582
3.147489593
0.464039296
4.463452499
2.154787078
2.613748598
4.300052365
2.551807333
3.477575403
3.648405542
5.117531814
3.374223369
2.064977193
2.479739319
4.600476589
3.711730425
4.980988716
4.449592666
3.645292489
4.25576153
1.1411222
2.4184771
2.594292036
4.381128447
3.21433653
4.558033896
3.806148539
4.682675684
3.971829608
5.909717515
3.812938056
3.931537475
3.160755108
4.100505188
4.231725719
4.455068941
4.865400515
4.745928111
2.203916815
4.651437119
3.719223084
3.395564167
4.462013361
4.743935708
3.205662874
4.599355022
2.443190308
3.349475829
4.881616852
4.39044205
4.223669929
3.080866139
4.767825438
3.438379527
3.085804009
4.457198721
2.515110581
3.631791301
4.454202704
3.316043359
4.236460253
3.194104994
4.233159508
2.394427094
1.611148447
3.338351157
1.522219824
2.191857507
2.758296291
4.855400611
4.449168297
4.445668951
2.651118286
3.680265112
3.554533015
4.396152716
4.018017427
4.433664928
2.927484888
2.144673675
3.796613626
3.060818695
2.644045234
2.145601671
4.097344116
3.977334815
4.133388094
2.224561867
3.263744019
4.588695773
4.243982716
3.310275135
3.453131123
4.05314892
2.466107444
2.513088333
4.00736826
4.192139387
4.697874069
4.784281528
2.677233894
3.332324971
4.43369304
4.079712546
3.482897841
4.135327978
3.167573157
3.451351153
4.989811231
3.435653598
5.075651661
2.563207388
4.598606134
4.753829964
5.611709268
4.266533743
4.131563741
3.951879235
3.381083836
4.238141389
2.21521204
5.804462187
4.550691979
4.069974246
3.509302077
2.47889259
4.326766669
4.167788426
3.058625249
3.269848545
3.595889522
4.12982547
3.8569013
1.896158776
3.99877803
4.153196481
3.884904455
4.716836617
4.427784418
3.756785714
3.634753918
4.858060075
2.868227684
5.37463018
2.86580068
4.112667151
4.125540181
3.93902909
4.082230396
3.062728882
3.774649
3.034959257
3.849464906
4.737666678
3.786389901
4.524125618
4.150904084
3.895993043
4.943690657
3.262300299
4.825662212
4.636188517
3.536074093
3.399028131
3.741862995
3.099489691
4.119730539
3.919572327
4.199441757
3.433710222
4.095590513
3.202645753
3.758946859
2.457503989
3.37502022
0.242466845
3.441682327
2.063071982
3.10821635
2.366137047
4.044621945
1.982493446
4.13760477
4.044563346
3.607512395
5.010498717
3.552132507
4.542634777
3.114017179
4.03907002
3.05865924
5.179192335
4.887010122
3.789063497
4.595206286
4.159209055
2.853567726
4.317785389
4.313769486
3.763839565
4.345800094
5.835773342
4.07770525
4.813463797
3.460542026
4.446784591
4.343486433
4.311546521
3.288059135
2.937196697
3.548461024
4.961088552
4.205202641
4.261334723
3.969566134
4.133091043
5.215779962
3.507156702
3.27300523
4.554859663
3.131666281
4.137753326
3.509240175
4.776254314
4.992605631
3.588376751
3.435829656
1.818792133
3.023891277
3.912730943
4.401316423
5.258609036
3.685689775
2.977896403
5.417698926
4.934671637
4.173028477
4.157766355
4.113968764
4.697231907
4.138994827
5.422498342
2.762898972
3.418449523
3.858495792
3.2056482
4.038235915
2.489172998
2.028158995
4.458357188
4.323462016
2.272437713
2.469721913
1.795679606
2.906535826
4.775089708
4.017008276
4.074681191
2.416574837
2.119915779
1.944145986
3.186935055
2.25888763
2.494029071
1.833743065
2.288553396
2.598683162
2.149636855
3.455748064
3.827383341
2.128010245
4.352135112
2.848481194
2.586838205
4.018496031
4.76004124
2.536102732
4.275320074
4.304809481
4.806172907
4.303171195
2.941095537
3.615997585
5.363869265
3.520584094
5.125485237
4.196442899
3.021860607
4.829345594
4.971117197
4.294333128
4.738650971
5.813225507
2.783977528
2.246577816
4.081069943
1.876002027
3.873743523
3.724318775
5.040409111
2.28490167
1.968431297
4.044016905
4.580407326
3.918519307
3.779394448
2.7777853
2.995344568
3.834390037
3.442922618
5.957976937
4.976620869
3.584446262
3.364684028
4.326819703
2.46340301
2.56301916
4.576703081
2.001614215
2.502284423
2.363632348
3.659560032
4.482486421
2.337408567
4.79355187
3.628425609
4.321631358
2.909860422
3.47871438
3.059437573
3.556322112
4.064071894
4.969240895
3.009177859
5.272087331
3.536183268
3.046019094
5.017466563
4.935372878
2.339780309
4.161833864
4.306245684
4.50388568
4.367912063
4.649758038
3.410001517
4.401392367
2.776159055
4.247870951
3.866158367
3.340246357
4.927555813
4.588286866
4.538029946
3.728603526
4.701031498
2.405145827
3.71155184
3.509292813
4.266699983
2.691461414
4.733928143
3.420959465
2.269094884
3.580330154
3.372830134
2.385417778
2.141763968
2.219826519
4.229064471
4.906160507
3.623800134
4.77774806
5.809693567
3.5095184
5.131872637
2.554477532
4.617237679
3.856965692
2.218233549
2.507786903
3.708468166
3.7066156
1.782869427
3.532588959
4.015321281
4.562706338
3.161037295
3.463943096
3.956296167
2.127762892
1.77106663
2.344216175
3.450293916
4.675028707
2.105533975
4.360829375
3.270466763
2.182137618
2.261062321
4.760890449
2.815702124
4.422452157
2.718109316
4.647528731
4.433506497
2.731867038
3.448752169
4.724775223
4.31416775
4.818859569
4.429645894
3.861989061
3.394864749
2.252532868
4.756514867
4.367275476
2.245421826
4.732705973
2.718318134
3.675521096
3.569013975
5.543723932
2.292575389
2.672794072
3.479461809
3.746374752
3.465216442
2.475601419
2.796474321
4.57760965
4.379722813
4.682663792
3.31285785
2.144939397
5.107172007
4.599797653
4.064760908
4.820744765
4.359799913
3.563706192
3.486605261
3.463972104
3.439544404
1.239542199
4.4362792
1.532882197
5.204012148
3.271215183
5.472637776
3.652188196
4.378346837
3.024325233
3.35707489
4.653824743
4.949991806
5.134983881
5.373755769
5.497945721
4.565608622
4.898772893
4.887069887
5.707896022
3.606819894
4.533392742
3.913830212
2.12028109
4.831924439
3.522829664
3.754948988
2.292508014
3.429690948
2.13976456
3.24363907
3.948896895
2.269058373
2.243929532
4.914416836
4.573848171
3.764872848
2.503284021
2.472698293
4.774709864
3.474785222
4.5884334
4.565998799
2.989417278
3.435441295
3.474014212
3.891167263
2.035506772
3.379167449
2.043784293
4.302339864
5.398638075
2.145633058
3.555086826
2.884900913
4.822000183
3.08737988
5.037144792
4.5983433
3.473714283
3.057139971
3.237809319
5.083211485
4.260678316
3.677163722
4.927633102
2.370650329
2.353484737
4.598246873
4.59104963
5.067237639
3.454087637
4.326162685
5.31599926
4.58243765
4.8247871
3.657554479
2.925063778
5.365348044
3.513487152
3.905129476
3.218671099
4.242294463
3.264445694
3.425641858
5.091345303
2.897815138
3.885343718
4.945614476
4.660013334
4.825681423
4.940062572
2.909732256
3.764983214
4.956249745
5.933112629
3.66830583
3.564424032
3.588197152
4.692147391
3.124128941
4.187364156
4.654445056
4.531433338
2.213753979
4.929876307
2.869655412
0.724874153
2.762933649
3.878313045
4.398849738
2.772820177
5.493190191
3.363095443
4.38741102
3.738737882
3.809439143
3.890610129
5.119391365
4.78855006
2.463099961
3.865601709
3.585463473
4.486924615
2.807743882
3.602713739
3.758342546
5.108263836
4.945215907
5.586900769
4.920220457
3.886255109
3.714197087
3.694456393
3.833901433
5.279677453
4.845215939
2.881072567
3.825900771
4.618443405
4.809429285
3.387978647
3.833607681
3.778477407
2.703275199
3.402967033
3.390432099
2.036550267
3.850664783
4.883263092
4.456824677
3.080355751
2.762707572
2.446706151
1.643730235
3.550651301
4.945853576
4.12102872
4.623466975
3.956577499
1.964047212
3.496423364
4.028018064
3.271268302
4.096458115
4.544809946
3.652965042
3.296004037
2.079797643
2.252843491
4.897428854
3.513835875
3.574241982
3.259690036
3.336831882
3.185231664
3.601146335
3.380818005
3.711882136
2.142918737
3.622668911
3.756226107
2.174026403
2.37195519
3.348750402
2.99853009
3.71136372
3.56902041
4.139508565
3.677927412
5.259285029
3.697445387
4.990240637
3.069680414
3.889939367
3.334543085
3.693941307
3.695741681
3.295198296
3.262805049
5.121098868
3.738217933
3.735969135
3.362484101
4.125278534
5.371851962
3.977764748
3.281732198
3.108673875
1.86065819
3.883661157
3.64941332
3.400456343
2.161303189
4.30610676
1.950497167
1.5269565
4.337179295
3.355465902
3.08304663
4.876246186
3.807869838
3.254826122
3.142369828
1.831152313
4.615081886
5.810826221
4.454335337
4.001387106
4.329861677
3.96246265
4.030073
2.327848055
-2.989112759
2.416073071
4.503013362
3.140654444
4.330499078
5.575534393
3.371711388
4.072251083
6.744479887
5.24844259
3.814102717
2.512233074
2.467657691
4.707065734
2.907367038
3.243851167
1.734478941
1.664201862
3.872326109
0.605845478
3.37707075
3.565083675
0.70721101
2.948115485
2.863503519
5.258876073
2.619288602
3.603273641
3.358740603
3.204584232
2.53625215
4.963161172
3.810684426
4.50855785
3.393629392
4.165567936
3.62781424
4.624978826
3.005428331
3.080705871
4.611246832
2.541154631
3.205119722
5.140281068
3.441066096
4.121017904
2.898766447
4.690362012
4.241755926
4.117107049
4.480376107
3.326928122
4.183368697
2.725973816
6.104296006
5.12939744
4.303207215
2.582325113
3.443250621
3.134753495
3.646353422
2.881690295
3.809815679
2.747929134
2.725094397
3.418675629
3.777147431
3.107080601
4.888828623
3.667243768
4.773217816
1.403969533
3.460843989
3.425705458
1.910430577
3.641176087
3.356291235
4.030168423
4.151552043
3.731852732
3.40967444
3.650672621
2.071725592
5.658248422
5.449965968
3.84968937
5.517026055
4.81854654
4.483878843
4.034640235
3.479158281
2.221014323
4.343774219