0.613419343	0.456166342	0
0.539791056	0.378101032	0
0.718395817	0.352691595	0
0.650532223	0.62983555	0
0.307773166	0.518094824	1
0.632236825	0.612136564	0
0.480375431	0.688619377	0
0.762638242	0.687679226	0
0.518173232	0.223213865	0
0.08298228	0.55394611	0
0.17245532	0.467586015	0
0.134033582	0.511310243	1
0.267677256	0.463266279	0
0.231174951	0.544358297	1
0.559999586	0.338885267	0
0.135703583	0.615448023	1
0.721017277	0.722932486	0
0.049429341	0.592773848	0
0.247890955	0.473098665	1
0.772379481	0.689830482	0
0.697201649	0.755886246	0
0.0942451	0.683329939	1
0.333881754	0.405168815	1
0.044441643	0.629441063	1
0.725683613	0.30864862	0
0.399659589	0.454588385	1
0.761725219	0.363571521	0
0.762148206	0.364801778	0
0.269899296	0.460323391	0
0.098134332	0.687991533	1
0.471968096	0.356685011	0
0.222459974	0.493033568	1
0.566512768	0.311738383	0
0.651196722	0.432095574	1
0.686745729	0.452401592	1
0.984235322	0.488930616	0
0.220322742	0.633411787	1
0.751162494	0.813152803	0
0.761906433	0.777716969	0
0.086456099	0.545552181	1
0.569446449	0.277995124	0
0.081065756	0.575608819	1
0.794641975	0.767106119	0
0.112519624	0.534914834	1
0.144958105	0.574505386	1
0.078236726	0.629645149	1
0.199757171	0.551245576	1
0.126890333	0.522454177	1
0.652185798	0.846632814	0
0.032648081	0.594817815	1
0.233408643	0.538725988	1
0.087608705	0.532817814	1
0.76382936	0.354070711	1
0.579484065	0.274818089	0
0.11710198	0.585462092	1
0.662425118	0.825637955	0
0.183789919	0.571710443	1
0.621435754	0.883803303	0
0.145556041	0.645723247	1
0.224984291	0.620685534	1
0.040064005	0.638695094	1
0.557775207	0.822007364	0
0.078647265	0.642980004	1
0.594681276	0.792224534	0
0.172866949	0.563736908	1
0.764735863	0.405238198	1
0.101732427	0.6181668	1
0.681262427	0.805295221	0
0.134922616	0.470496371	1
0.506444698	0.260071977	0
0.062148987	0.598605089	1
0.283004592	0.60021629	1
0.262958228	0.691761361	1
0.204389427	0.518745959	1
0.498314263	0.638518483	1
0.175838193	0.560219996	1
0.672621197	0.393945419	1
0.569879056	0.484493827	1
0.707592115	0.367815803	1
0.246058427	0.418021662	1
0.602785933	0.228586229	0
0.044779578	0.55618169	1
0.80094216	0.672583219	1
0.056451838	0.569744445	1
0.328679243	0.465808149	1
0.733528464	0.893301606	0
0.196742952	0.591207173	1
0.717347425	0.642381341	1
0.31665957	0.503781413	1
0.194425919	0.651167535	1
0.176170057	0.542372659	1
0.47722128	0.766150643	0
0.03890508	0.597156062	1
0.590452029	0.869412824	0
0.639719955	0.60564497	1
0.104130981	0.57569988	1
0.750552598	0.879688214	0
0.034004067	0.587563424	1
0.410136412	0.475985532	1
0.771286254	0.312308285	1
0.660417071	0.675644317	1
0.086399814	0.712536611	1
0.74054576	0.79980038	0
0.38632444	0.664195185	1
0.162093516	0.662435647	1
0.300034434	0.624723165	1
0.181094904	0.556694934	1
0.329324469	0.498005819	1
0.114730349	0.508253122	1
0.08188984	0.613005942	1
0.280595888	0.598456876	1
0.530136717	0.772902735	0
0.766054526	0.362552832	1
0.132376772	0.659736393	1
0.377479591	0.415303081	1
0.789149689	0.829991807	0
0.108217083	0.505855	1
0.740155319	0.793470953	0
0.44224175	0.608119674	0
0.762353752	0.779598052	0
0.09780853	0.519358477	1
0.198377701	0.465188712	1
0.090276343	0.52654087	1
0.413293461	0.471218341	1
0.17939893	0.529234813	1
0.769958156	0.749241406	0
0.467023346	0.302108412	1
0.166848803	0.592362916	1
0.1998064	0.497197074	1
0.763653308	0.344534083	1
0.179965757	0.533676188	1
0.113713526	0.506060692	1
0.772737874	0.360038744	1
0.507055669	0.354783943	1
0.227162714	0.527002756	1
0.189402099	0.691129735	1
0.733383592	0.696879977	0
0.162965089	0.478086022	1
0.053848365	0.559439669	1
0.293640668	0.588189409	1
0.535123178	0.443771519	1
0.610314139	0.780669452	0
0.072597825	0.526644688	1
0.765825423	0.816722572	0
0.74452941	0.806825892	0
0.743664086	0.808110111	0
0.589473991	0.260129383	0
0.09190307	0.566415832	1
0.586565039	0.856992872	0
0.102353654	0.561633206	1
0.431101861	0.79225703	0
0.686537717	0.902072337	0
0.07740496	0.508927886	1
0.094287571	0.602587647	1
0.042489962	0.566386118	1
0.680022908	0.285699312	0
0.338137785	0.323120647	1
0.293451332	0.570454444	1
0.288838046	0.542992515	1
0.683832318	0.765472063	0
0.060138559	0.515307173	1
0.627019685	0.733620392	0
0.172699554	0.379135697	1
0.777791527	0.780763267	0
0.164676379	0.586992552	1
0.799402414	0.77719988	0
0.089186759	0.536105669	1
0.588099816	0.258221688	1
0.71838783	0.353115994	1
0.257486513	0.433073758	1
0.125285298	0.59163648	1
0.313472292	0.592260466	1
0.126453178	0.465316043	1
0.66535386	0.829455931	0
0.123479117	0.529594766	1
0.073627722	0.632256519	1
0.137690625	0.597628742	1
0.187636251	0.585354379	1
0.062654636	0.622398376	1
0.075831645	0.553932227	1
0.770119716	0.947100791	0
0.10882318	0.542966408	1
0.165762566	0.510865731	1
0.030951595	0.67073227	1
0.636847431	0.923691518	0
0.116516324	0.61731265	1
0.581897963	0.338141751	0
0.097809957	0.537452868	1
0.365889922	0.722382958	0
0.918261032	0.609041594	1
0.288986226	0.537324013	1
0.188957696	0.646909763	1
0.31461666	0.061549822	1
0.117939783	0.499988819	1
0.435734197	0.398783114	1
0.475898535	0.415793073	1
0.781121302	0.280415621	1
0.070658821	0.544979654	1
0.61668343	0.750327032	0
0.389730044	0.823970065	0
0.251694514	0.643873175	0
0.7014802	0.220542764	0
0.736448495	0.472966438	1
0.552194417	0.350197542	1
0.277946903	0.276786494	1
0.785396341	0.802562334	0
0.653425726	0.448778426	1
0.060815257	0.541140844	1
0.758891595	0.818629037	0
0.772110424	0.820285594	0
0.617161272	0.335665029	1
0.384334895	0.284364557	1
0.431231331	0.880262142	0
0.585587286	0.257892466	0
0.079085866	0.57783121	1
0.5770441	0.441063758	0
0.606398493	0.650327451	1
0.582749226	0.657785587	1
0.529109508	0.636238097	1
0.132520698	0.619739071	1
0.263153243	0.613871165	1
0.765058794	0.281089117	1
0.178581715	0.500274322	0
0.722459818	0.27532182	1
0.32615092	0.549455659	1
0.523513086	0.313472367	1
0.229078762	0.372824295	1
0.904156659	0.626458965	1
0.551483414	0.641071677	1
0.106294138	0.493975601	1
0.080678492	0.565211807	0
0.09910924	0.579456328	0
0.133192849	0.535179465	1
0.622752308	0.753141794	0
0.404172376	0.815066583	0
0.228771932	0.492231055	0
0.119221311	0.660730897	1
0.297984967	0.413323478	1
0.729843161	0.786148226	0
0.095029554	0.504916445	1
0.579255651	0.75655733	0
0.508857235	0.664169167	0
0.079715095	0.515829689	1
0.416829053	0.806398687	0
0.31361273	0.796339437	0
0.664868569	0.834349322	0
0.674586812	0.84735601	0
0.216628373	0.638951459	1
0.697242751	0.8039339	0
0.668637394	0.628870201	0
0.617310074	0.811375747	0
0.78561201	0.806203999	0
0.526472823	0.772153065	0
0.033798184	0.654033433	1
0.026591312	0.619522722	1
0.02447049	0.55100264	1
0.774837998	0.774771214	0
0.25519869	0.437141792	1
0.292389852	0.832778577	0
0.662940857	0.755460888	0
0.088910853	0.535913113	1
0.099227489	0.531389602	1
0.02681118	0.621838218	1
0.688081239	0.489352991	0
0.584766795	0.856683	0
0.769153167	0.440032917	1
0.706853184	0.385377824	1
0.752657054	0.439195885	1
0.616248158	0.789490834	0
0.137533674	0.58719208	1
0.112593356	0.564698589	1
0.219369593	0.554823902	1
0.313852843	0.527206637	1
0.48688134	0.925173826	0
0.185732119	0.615833637	1
0.361054311	0.389552893	1
0.175528856	0.603784404	1
0.724594467	0.423517221	1
0.767292796	0.387473707	1
0.730393313	0.414462501	1
0.114603192	0.605102853	1
0.213130287	0.552445936	1
0.272930195	0.525854633	1
0.124857711	0.582586461	1
0.665874436	0.313613725	1
0.125619808	0.610223439	1
0.106923204	0.563051769	1
0.150145302	0.590577549	1
0.759073449	0.439080012	1
0.760782291	0.438567585	1
0.782966982	0.459883029	1
0.275828541	0.573585962	1
0.337946306	0.557869279	1
0.192795625	0.619050743	1
0.215095287	0.616761369	1
0.18827973	0.611299211	1
0.403173613	0.431981846	1
0.320699215	0.517703732	1
0.5519256	0.860153806	0
0.314132257	0.652842317	1
0.104538189	0.623468621	1
0.024088996	0.682091623	1
0.763869141	0.423311539	1
0.591618758	0.565310336	0
0.763451491	0.428496811	1
0.057965453	0.655947841	1
0.045033109	0.647165598	1
0.763422977	0.40957434	1
0.139789319	0.59603867	1
0.751830897	0.420641317	1
0.379714167	0.664130862	0
0.523223944	0.442922353	1
0.098639533	0.637158793	1
0.749763099	0.421277966	1
0.19153113	0.578412394	1
0.761054585	0.437371036	1
0.301422673	0.674732987	1
0.202400229	0.579564288	1
0.74390743	0.692246232	0
0.671758039	0.906939448	0
0.612158132	0.386406522	0
0.359055016	0.537190029	1
0.463609651	0.898959989	0
0.564516625	0.639937482	0
0.459199944	0.549999563	0
0.692206355	0.883253717	0
0.136030531	0.626241383	1
0.529075987	0.87528724	0
0.0752435	0.630119504	1
0.697555049	0.820017605	0
0.769923829	0.879717645	0
0.087393582	0.634221428	1
0.526832643	0.986087855	0
0.410566343	0.404458567	0
0.312468376	0.37369067	0
0.422286522	0.366623049	0
0.235217632	0.459766637	0
0.029770915	0.718768085	1
0.644372573	0.737092455	0
0.121444819	0.611515524	1
0.9943647	0.520102868	0
0.349297562	0.42623139	0
0.715246252	0.867590013	0
0.478928486	0.62679507	0
0.396495573	0.336584942	0
0.793470151	0.749819323	0
0.578403835	0.886240634	0
0.314507653	0.53107597	1
0.669186479	0.686734882	0
0.075582327	0.615544191	1
0.137059258	0.597583239	1
0.686032789	0.648965471	0
0.787678207	0.817967915	0
0.060419849	0.601367643	1
0.559073477	0.817816268	0
0.047609272	0.682148199	1
0.77433316	0.422467586	1
0.077631884	0.622803327	1
0.074659657	0.576663083	0
0.750660352	0.378197716	1
0.762886224	0.409268905	1
0.033913315	0.645444249	1
0.132166676	0.604517169	1
0.764895434	0.363364078	1
0.782040925	0.425757331	1
0.695847925	0.379521387	1
0.653735939	0.471019641	1
0.634741521	0.772743185	0
0.63585864	0.962123488	0
0.581163191	0.83897194	0
0.588425632	0.458282019	1
0.667992115	0.482635623	1
0.049523971	0.633013486	1
0.697106784	0.805582239	0
0.24106324	0.48372224	1
0.589674762	0.80689043	0
0.717421765	0.730058047	0
0.106047854	0.503108218	0
0.380717685	0.448397191	0
0.431149623	0.877502378	0
0.68062115	0.881167577	0
0.068003909	0.65774314	1
0.434781579	0.416770522	0
0.522578941	0.829273435	0
0.264124291	0.894607648	0
0.64880212	0.755136756	0
0.13549931	0.62305172	1
0.702735137	0.732834182	0
0.471132995	0.97092486	0
0.171508912	0.605291201	1
0.260015262	0.561640162	1
0.092905885	0.572124724	1
0.249652815	0.652327764	0
0.109187097	0.579083096	1
0.087170377	0.564981051	1
0.267978773	0.451362957	0
0.25665978	0.608049092	1
0.473023463	0.430680929	1
0.493559701	0.690361144	0
0.674653207	0.804612339	0
0.610786909	0.865532207	0
0.768393827	0.720984452	0
0.148782189	0.60935031	1
0.805042677	0.615597472	0
0.366689704	0.445078003	1
0.210000734	0.485517932	1
0.341015131	0.224191781	0
0.726038944	0.694686566	0
0.665069378	0.607657401	1
0.329050212	0.452721012	1
0.183327957	0.631645463	1
0.713376092	0.772169584	0
0.771625501	0.350402228	1
0.644428284	0.870033418	0
0.457896755	0.695143128	0
0.087897695	0.626519463	1
0.749285009	0.362497683	1
0.103439171	0.463940725	1
0.534597907	0.484430136	1
0.240890501	0.648535079	1
0.737659484	0.363174649	1
0.141033204	0.606312161	1
0.222028909	0.156843872	0
0.968981867	0.620927703	1
0.462534802	0.458894576	1
0.174866647	0.547613612	1
0.404568961	0.450872027	1
0.411936657	0.493510018	1
0.708675087	0.763167726	0
0.193750403	0.607643794	1
0.577776364	0.846622142	0
0.628997537	0.784324085	0
0.162018911	0.55531998	1
0.697854254	0.884925857	0
0.296558562	0.607331204	1
0.285284335	0.481005419	1
0.649908713	0.643959344	1
0.129223775	0.529110948	1
0.081252355	0.461344798	1
0.657386349	0.668328284	0
0.194685352	0.535133192	1
0.127128829	0.48602183	1
0.266695747	0.530578155	1
0.239596958	0.495584701	1
0.565370291	0.579591846	0
0.144544274	0.322521949	1
0.341580046	0.341367712	1
0.406283005	0.344205427	1
0.76691622	0.880963296	0
0.411533438	0.388380991	1
0.604440543	0.766301938	0
0.74631337	0.939056512	0
0.705614867	0.579173023	0
0.920028218	0.635590639	1
0.189760018	0.551224061	1
0.123767886	0.604969644	1
0.734937963	0.768531262	0
0.1128717	0.542181988	1
0.102927508	0.499036925	1
0.186941686	0.59161034	1
0.520520007	0.806643474	0
0.248701477	0.47957921	1
0.204429283	0.469237818	1
0.21640668	0.63157127	0
0.196734427	0.567071876	1
0.725660444	0.760100544	0
0.427213888	0.567167141	1
0.257033996	0.525696655	1
0.69516979	0.855504675	0
0.348680088	0.574002615	1
0.191685808	0.521648329	1
0.691103627	0.532363936	1
0.669347495	0.569980528	1
0.208425425	0.651095977	1
0.188104758	0.491525211	1
0.076102698	0.607645804	1
0.807705997	0.592929121	1
0.150490143	0.690548914	1
0.272236039	0.467462428	1
0.614811126	0.78070405	0
0.226178151	0.569721095	1
0.170567121	0.49658986	0
0.169405209	0.559149014	1
0.647358582	0.710636094	0
0.654852324	0.790779715	0
0.392755599	0.496531507	1
0.453477339	0.407501978	1
0.781890198	0.724766526	0
0.706747979	0.78004218	0
0.132414724	0.578274157	1
0.782525423	0.382547862	0
0.734450792	0.409764718	0
0.396877065	0.50122239	1
0.442885432	0.480291366	1
0.1454349	0.579172816	1
0.663210483	0.572893015	1
0.597776624	0.337007237	0
0.343220009	0.51638222	1
0.257947721	0.479329975	1
0.385202241	0.507859473	1
0.224056286	0.557573961	1
0.189606392	0.61710622	1
0.731272274	0.361943721	1
0.146664418	0.56981385	0
0.300607157	0.505008199	1
0.33216462	0.591171457	1
0.734887694	0.350397612	1
0.155732487	0.567093042	1
0.762819943	0.3861244	1
0.676785286	0.345883648	1
0.767997839	0.388899263	1
0.581283359	0.311757218	1
0.18978898	0.484923675	1
0.204860352	0.643491314	1
0.766436044	0.405561532	1
0.2782384	0.253373744	0
0.063354759	0.651794243	1
0.28181015	0.434180592	1
0.517939813	0.645424959	0
0.58072695	0.781584379	0
0.599978089	0.6171366	1
0.563636342	0.934790927	0
0.19382037	0.573864359	1
0.733406875	0.869686229	0
0.220602761	0.603085849	1
0.250088574	0.553047643	1
0.308047891	0.550613233	1
0.630650592	0.795255382	0
0.211067916	0.540208518	1
0.172609483	0.541762539	1
0.11260806	0.594002155	1
0.11616637	0.51497924	1
0.366097426	0.624388444	1
0.549898699	0.814885259	0
0.601497985	0.966811237	0
0.181616106	0.388279018	0
0.68503758	0.848688624	0
0.081387577	0.621710823	1
0.074392948	0.644204279	1
0.322096777	0.724553232	0
0.08175927	0.626154915	1
0.604065551	0.797404524	0
0.655718359	0.783732369	0
0.056720422	0.610572523	1
0.396788478	0.731046496	0
0.719254556	0.808826189	0
0.591665605	0.420511709	1
0.224551337	0.58209967	1
0.62507902	0.450280941	1
0.111171521	0.506026261	0
0.290548901	0.746469267	0
0.559817917	0.453469162	1
0.765474845	0.781479403	0
0.129278767	0.59137584	1
0.791013676	0.789432477	0
0.42240933	0.449461058	1
0.649497743	0.829201177	0
0.559665685	0.465930376	1
0.445779865	0.466033482	1
0.700241959	0.854365587	0
0.712585388	0.71107241	0
0.420451559	0.639257243	0
0.757368101	0.818407281	0
0.646999321	0.780986071	0
0.731328646	0.729426416	0
0.52788787	0.825159798	0
0.102985091	0.613898665	1
0.642976615	0.837296832	0
0.069439	0.572163293	1
0.493988044	0.919415523	0
0.791220627	0.823059431	0
0.104167346	0.612466987	1
0.756133604	0.730380956	0
0.471943251	0.665958196	0
0.556835053	0.708373345	0
0.408558522	0.951910066	0
0.684348621	0.768879791	0
0.116380551	0.584976221	1
0.08869638	0.574132936	1
0.388224892	0.524746498	0
0.482214029	0.812792437	0
0.50292339	0.820695127	0
0.778466322	0.692225989	0
0.497107772	0.85174936	0
0.644870729	0.574522299	0
0.786945629	0.685298789	0
0.700732134	0.70154462	0
0.395277479	0.783439319	0
0.711180465	0.874765592	0
0.579354846	0.91007253	0
0.063023506	0.645553643	1
0.528889201	0.798895592	0
0.737736446	0.804492735	0
0.14307398	0.612815032	1
0.777956284	0.773405471	0
0.584397849	0.846053957	0
0.409222755	0.333958012	0
0.214210065	0.495966076	1
0.08030751	0.57049792	1
0.307602969	0.474620586	1
0.763910772	0.354244992	0
0.168624421	0.517774172	1
0.581420419	0.280078791	0
0.300505925	0.467127432	1
0.612279097	0.779189952	0
0.771639088	0.752260822	0
0.781031874	0.689626097	0
0.12555954	0.557589556	1
0.753592687	0.787105396	0
0.640409296	0.765774079	0
0.624683984	0.760965902	0
0.73079406	0.747534525	0
0.671753721	0.744272972	0
0.718056563	0.728834705	0
0.600469317	0.931721535	0
0.614330208	0.707287215	0
0.502650605	0.768370794	0
0.773400452	0.779384512	0
0.663822495	0.823428445	0
0.744402798	0.755855861	0
0.107548177	0.571167997	0
0.091356786	0.637343871	1
0.258398088	0.58505972	1
0.035855076	0.67049176	1
0.096876319	0.642618846	1
0.09795488	0.515237024	1
0.1435017	0.620465162	1
0.768717987	0.780797725	0
0.051401364	0.666764403	1
0.612036718	0.710014879	0
0.69336991	0.908676962	0
0.786495612	0.757882831	0
0.468899969	0.915946624	0
0.183179897	0.519848141	1
0.268139065	0.532841013	1
0.252769421	0.640848608	0
0.482365457	0.866187758	0
0.09260526	0.565663475	1
0.775996497	0.772273009	0
0.18158243	0.520437368	1
0.795351178	0.643420447	0
0.436740421	0.341273024	0
0.458534455	0.463049555	1
0.76159192	0.383264829	1
0.752293654	0.385436213	1
0.528449973	0.441275075	1
0.494653293	0.488108452	1
0.288025144	0.433939161	1
0.472009642	0.46256465	1
0.766726934	0.383128304	1
0.766344158	0.719383963	0
0.759891474	0.386528774	1
0.555981763	0.443636243	1
0.714444026	0.829329511	0
0.157410993	0.470713301	0
0.735783258	0.73564567	0
0.066960133	0.586562682	1
0.707325839	0.877058494	0
0.113953655	0.605198617	1
0.186811198	0.503135554	1
0.087110799	0.563007485	1
0.702816371	0.799144178	0
0.104705361	0.556963799	1
0.374692437	0.514779415	1
0.209899246	0.483068327	1
0.382316669	0.46133264	1
0.751399248	0.346941531	1
0.784044469	0.330811006	1
0.738742683	0.363753305	1
0.594740504	0.491301068	1
0.515232153	0.412513454	1
0.197064134	0.48556955	1
0.620812967	0.746105763	0
0.594652296	0.867097312	0
0.779714839	0.411148887	1
0.782176995	0.415990888	1
0.39712719	0.519208642	0
0.693554967	0.471898457	1
0.093005917	0.59459909	1
0.419637732	0.47439696	1
0.766734599	0.350836467	1
0.77591561	0.345729132	1
0.776845773	0.370378368	1
0.597262592	0.433844297	1
0.099068258	0.587679125	1
0.315445951	0.547293998	1
0.198653552	0.48976251	1
0.445769795	0.532280047	0
0.252575839	0.55145599	1
0.275281137	0.540668087	1
0.371939802	0.471920286	0
0.159894241	0.497073333	0
0.17640643	0.595364549	1
0.562882725	0.50517746	1
0.717556156	0.396792447	1
0.199105217	0.595716414	1
0.692984206	0.385922945	1
0.731062045	0.467863986	1
0.746337021	0.406561231	1
0.287179419	0.47601463	1
0.395882942	0.472757814	0
0.337938897	0.430847089	0
0.781189356	0.674110431	0
0.24777052	0.491441272	1
0.660332291	0.482116961	1
0.085547409	0.390464725	0
0.132621182	0.498647011	1
0.251383136	0.471405299	1
0.563555148	0.877666109	0
0.118111795	0.49902147	1
0.088156939	0.592136649	1
0.422572259	0.448269517	1
0.382408184	0.439680094	0
0.105048057	0.596555331	1
0.743591679	0.78434473	0
0.443964665	0.849283228	0
0.527158846	0.829549169	0
0.378825324	0.95160898	0
0.161341361	0.591275448	1
0.081447375	0.646640476	1
0.365959949	0.560910084	1
0.355781839	0.471438419	0
0.500821014	0.771948326	0
0.1625053	0.52929985	1
0.135834192	0.509655959	1
0.062101913	0.625818092	1
0.518877263	0.829097743	0
0.151360671	0.492262615	1
0.143217504	0.531137773	1
0.73542829	0.778748422	0
0.286288687	0.446466452	1
0.422627484	0.546655086	1
0.446608764	0.763910882	0
0.724627565	0.983282054	0
0.754382215	0.7807164	0
0.188546725	0.516228326	1
0.236446322	0.58980314	1
0.094733688	0.640754967	1
0.26246922	0.602635373	1
0.267248063	0.597836612	1
0.094829537	0.586936803	1
0.287066109	0.584593858	1
0.119782362	0.613542073	1
0.724480783	0.818138775	0
0.098912527	0.56437525	1
0.763945608	0.666183307	0
0.452595874	0.553314217	1
0.527134098	0.637125932	1
0.677344289	0.753861344	0
0.230153648	0.552876787	1
0.477890009	0.524176306	1
0.463343989	0.466926294	1
0.751541075	0.404783727	1
0.170295178	0.533953453	1
0.695757235	0.787987759	0
0.925606218	0.597552076	1
0.357178331	0.50152209	1
0.161357787	0.50408575	1
0.475069916	0.738394846	0
0.688288546	0.664553944	0
0.589271434	0.825161783	0
0.075703525	0.529961516	1
0.327195547	0.540368659	1
0.055691488	0.541509659	1
0.14238475	0.580613391	1
0.920466074	0.60012713	1
0.77068522	0.801342986	0
0.776766763	0.390809893	0
0.193327354	0.520391101	1
0.516447173	0.812516188	0
0.542643949	0.640343331	1
0.428822432	0.493292553	1
0.150372433	0.494301774	1
0.19029664	0.541633459	1
0.072786905	0.579114629	1
0.708188407	0.669218547	0
0.781371714	0.634216348	0
0.115463916	0.660578346	1
0.657910215	0.677102184	0
0.219887629	0.496300367	1
0.745491368	0.773189258	0
0.115699094	0.546245536	1
0.251835889	0.534467255	1
0.218516522	0.467943448	1
0.362152361	0.652216646	0
0.095076402	0.541509519	1
0.548058887	0.782460016	0
0.380980746	0.438908131	0
0.760838383	0.853783028	0
0.228309967	0.476135909	1
0.787598222	0.703076811	0
0.680137078	0.836460794	0
0.196488709	0.501666233	1
0.087603406	0.573050413	1
0.671086789	0.846629788	0
0.391447654	0.494083195	1
0.364859201	0.403031966	1
0.761797061	0.829125731	0
0.17659928	0.547338766	1
0.750352764	0.81122288	0
0.627440756	0.745607142	0
0.711564119	0.739659636	0
0.651311775	0.859832451	0
0.095297531	0.569625474	1
0.198550938	0.521603184	1
0.166153982	0.563047722	1
0.577486206	0.450442575	1
0.399506117	0.466710311	1
0.774618869	0.365901159	1
0.046228365	0.61467593	1
0.369687742	0.467907225	1
0.457459698	0.437958254	1
0.73569418	0.402717104	1
0.126449162	0.565524456	1
0.640750977	0.382298146	1
0.383020131	0.448443431	1
0.806465833	0.80539698	0
0.77078584	0.79272745	0
0.142987391	0.515041146	1
0.778355285	0.321588533	1
0.174376634	0.545965787	1
0.75300333	0.361054402	1
0.76957576	0.385653165	1
0.06247772	0.556407112	1
0.109273726	0.520066257	1
0.76080552	0.348791447	1
0.734879698	0.3805772	1
0.749026943	0.394791604	1
0.992971353	0.530546483	1
0.71288944	0.355448164	1
0.767725789	0.371233741	1
0.665453538	0.87275156	0
0.773852908	0.395365814	1
0.457453964	0.397669959	1
0.151994499	0.525550832	1
0.142962137	0.601023251	1
0.042839524	0.643908076	1
0.153260373	0.545380084	1
0.241392778	0.764566945	0
0.359723588	0.511422104	1
0.802658534	0.682096332	0
0.341226821	0.506687993	1
0.113937688	0.526905998	1
0.646206336	0.42452696	1
0.07656498	0.614070918	1
0.743717014	0.760401585	0
0.677024487	0.453614799	1
0.05719115	0.662950135	1
0.113338095	0.636930799	1
0.291997117	0.726616065	0
0.065294074	0.551813254	1
0.682195438	0.785932045	0
0.774817232	0.775366838	0
0.558562069	0.233371995	0
0.114165288	0.476218308	1
0.76043757	0.806408638	0
0.14290003	0.533704036	1
0.126074078	0.585350522	1
0.282982198	0.405990941	1
0.105272002	0.57292507	1
0.461461873	0.982119825	0
0.157064632	0.500739096	1
0.105565192	0.481841162	1
0.494296716	0.251221224	0
0.666492943	0.313300211	0
0.33819362	0.819008997	0
0.731994896	0.46536054	1
0.355612632	0.174597792	1
0.68277398	0.455359228	1
0.777325797	0.382394897	0
0.711100102	0.463712611	1
0.232678465	0.503436512	0
0.097022606	0.674845003	1
0.468621849	0.776709865	0
0.229985424	0.613964629	1
0.370872733	0.235758873	0
0.455220294	0.46849694	1
0.228108571	0.491137612	1
0.66548791	0.86769695	0
0.234636426	0.569140779	1
0.083559965	0.696018581	1
0.696937053	0.458457577	1
0.763246708	0.80020549	0
0.735873473	0.440467941	1
0.74011751	0.785669015	0
0.613686004	0.473689618	1
0.405676515	0.423157485	1
0.605645477	0.467332484	1
0.069869067	0.64361317	1
0.749166515	0.769746636	0
0.666719682	0.443289605	1
0.654807215	0.477975757	1
0.754616106	0.719841261	0
0.708904949	0.430171564	1
0.190634076	0.557569	1
0.31741114	0.449867869	1
0.1672513	0.562743633	1
0.107184575	0.617856054	1
0.283677094	0.914807806	0
0.751236773	0.966221889	0
0.067291353	0.642018043	1
0.706609624	0.45323998	1
0.72381076	0.440350134	1
0.079034972	0.6603649	1
0.454891315	0.569972038	1
0.192740967	0.646066762	1
0.079468335	0.615519895	1
0.746872904	0.648691874	1
0.148746029	0.214311315	1
0.369958441	0.486301469	1
0.760356815	0.757770037	0
0.218323444	0.478001402	1
0.172971042	0.460188012	1
0.5972695	0.581103274	1
0.579491074	0.614123169	1
0.380567783	0.528677759	0
0.79871356	0.774834979	0
0.328412613	0.445340111	1
0.115839958	0.545612908	1
0.051854788	0.672999085	1
0.19613317	0.266209419	1
0.805745013	0.757568462	0
0.746719153	0.79256644	0
0.22755063	0.630149643	1
0.308315384	0.556906004	1
0.366212372	0.289541262	1
0.754927551	0.386914711	1
0.407905394	0.524124389	1
0.60433949	0.47722762	1
0.095049995	0.623125645	1
0.757937748	0.82255315	0
0.208388732	0.546862036	1
0.540114396	0.31572675	0
0.448839547	0.445677536	1
0.773435465	0.380313404	1
0.329697083	0.518744937	1
0.289516415	0.451148259	1
0.49848729	0.545038136	1
0.371551585	0.514821995	1
0.507576315	0.552727796	1
0.085430168	0.609775754	1
0.487277298	0.384205329	1
0.244787931	0.519974488	1
0.641747356	0.353650893	1
0.750884399	0.827207686	0
0.310125307	0.434677301	1
0.287073065	0.4956397	1
0.41779375	0.405731996	1
0.184868687	0.46919428	1
0.089684752	0.592306273	1
0.76194095	0.369112348	1
0.675670661	0.397340154	1
0.68946605	0.624645792	1
0.21414213	0.45949097	1
0.066150517	0.595578268	1
0.097076926	0.48750949	1
0.289134556	0.455562296	1
0.721529668	0.660996136	0
0.040694961	0.677271405	1
0.208627207	0.47714551	1
0.779470572	0.381245572	1
0.738380565	0.415619335	1
0.472863373	0.408626485	1
0.728760185	0.529406623	1
0.22257152	0.480804136	1
0.566808729	0.470619979	1
0.720037731	0.776764743	0
0.345742064	0.323980509	1
0.076262561	0.587119797	1
0.779157229	0.371248602	1
0.715438207	0.407192566	1
0.203117917	0.493571179	1
0.081270187	0.58981938	1
0.664814607	0.957473081	0
0.429186803	0.430078576	1
0.406227898	0.540573516	1
0.39316948	0.457293204	1
0.123778275	0.578116566	1
0.736893666	0.907492709	0
0.751408798	0.910705248	0
0.095915156	0.594137599	1
0.912247569	0.636056263	1
0.176135497	0.454012904	1
0.352609391	0.550160646	1
0.19173764	0.493557688	1
0.066233408	0.638854749	1
0.161607067	0.405080743	1
0.294701567	0.651275749	1
0.109354926	0.525690134	1
0.807945169	0.771828346	0
0.401651911	0.448950859	1
0.106477669	0.573682901	1
0.11281041	0.65608328	1
0.46996159	0.395743861	1
0.268325995	0.611239192	1
0.772749862	0.433688822	1
0.074168098	0.538906886	1
0.133564906	0.532644805	1
0.083086226	0.634312524	1
0.148133667	0.584150693	1
0.131828423	0.567261625	1
0.781608644	0.80170309	0
0.628376147	0.217720321	0
0.750742383	0.658612378	1
0.229739093	0.527161264	1
0.160657558	0.647970274	1
0.800156363	0.773871051	0
0.212137586	0.514161702	1
0.775115961	0.666549818	0
0.183443143	0.575185378	1
0.745714915	0.41061946	1
0.22169315	0.532278342	1
0.084225093	0.605702778	1
0.219633322	0.526030883	1
0.504611277	0.717934121	0
0.711974331	0.377678945	1
0.748048387	0.376818236	1
0.737651462	0.422689602	1
0.103126728	0.617645665	1
0.171894234	0.585028565	1
0.816005237	0.835983436	0
0.698898206	0.405269031	1
0.581974288	0.35717869	1
0.061230007	0.616270952	1
0.397108749	0.357437242	0
0.68491417	0.931303964	0
0.133045132	0.563215914	1
0.112524339	0.51309967	1
0.813146564	0.519587535	1
0.266330605	0.490055373	1
0.643960511	0.376441232	1
0.782809573	0.366640665	1
0.117240806	0.562870139	1
0.688865082	0.296409547	1
0.42309485	0.452191011	1
0.773475496	0.323488707	1
0.152537714	0.543881699	1
0.187614672	0.637910969	1
0.056077811	0.64193222	1
0.082584502	0.639285589	1
0.781731968	0.363672739	1
0.104480905	0.553235621	1
0.187876488	0.511940747	1
0.705384708	0.31146493	1
0.167639044	0.571699969	1
0.128643791	0.555393953	1
0.786274569	0.363024754	1
0.689969351	0.362105451	1
0.15526831	0.647030289	1
0.163350099	0.544707331	1
0.272539103	0.518648559	1
0.802433571	0.813550506	0
0.818310806	0.616602746	1
0.217072543	0.607622555	1
0.381126963	0.018138399	0
0.490080539	0.539210289	1
0.42180219	0.585484458	1
0.794167423	0.799286789	0
0.587393604	0.81430005	0
0.280357012	0.54235368	1
0.501757012	0.314397357	1
0.432384563	0.583911879	1
0.661322919	0.630012272	1
0.321873564	0.614084695	1
0.652685396	0.567547459	1
0.715357796	0.472142077	1
0.058960687	0.601394495	1
0.289716023	0.465159973	1
0.177086617	0.567163849	1
0.064639871	0.639181577	1
0.267078647	0.492576744	1
0.559276189	0.365830899	1
0.200956095	0.471751671	1
0.708273762	0.378505315	1
0.821944478	0.523302784	1
0.767666596	0.806755035	0
0.23101916	0.491869404	1
0.724473519	0.389626358	1
0.774985541	0.438625813	1
0.790214	0.800159954	0
0.335721037	0.448794657	1
0.323786802	0.428328164	0
0.772034382	0.783958141	0
0.346018162	0.524169211	1
0.777269339	0.404389157	1
0.780694184	0.392581378	1
0.780361688	0.39401947	1
0.796180277	0.373217736	1
0.526530612	0.474302526	1
0.483310483	0.483102551	1
0.125543753	0.522560698	1
0.784081929	0.376537543	1
0.47163001	0.477662486	1
0.708507647	0.414278203	1
0.431253005	0.350987675	1
0.685552815	0.412535173	1
0.724106735	0.764151609	0
0.058389295	0.618086191	1
0.758662123	0.323565062	1
0.778445327	0.775266994	0
0.182129315	0.421811173	1
0.444512972	0.2639474	1
0.100455535	0.591053493	1
0.09622269	0.586071723	1
0.411193114	0.483603686	1
0.36280448	0.477108816	1
0.469710118	0.121624657	1
0.110260176	0.583288339	1
0.125948352	0.580436074	1
0.174340813	0.532187486	1
0.203718556	0.498443578	1
0.476459161	0.293034252	1
0.079320698	0.606553129	1
0.24215757	0.477619335	1
0.730472824	0.815780154	0
0.578115885	0.317043421	1
0.510366174	0.034157413	0
0.104780546	0.584238639	1
0.817739363	0.658957281	0
0.80889031	0.349823933	1
0.235020311	0.453565312	1
0.768887965	0.656910561	0
0.603473078	0.308238796	1
0.487461988	0.276313566	1
0.313356457	0.499614929	1
0.060571013	0.604063335	1
0.297465897	0.647395486	1
0.554060075	0.618543453	1
0.780115335	0.653645633	0
0.060592845	0.637172134	1
0.771200256	0.652159917	0
0.167676908	0.506053158	1
0.738178756	0.444667211	1
0.111711708	0.569398786	1
0.067460128	0.557364328	1
0.450289444	0.298935918	1
0.066659311	0.56109962	1
0.384024986	0.52023953	1
0.441354964	0.474689071	0
0.293504289	0.428686505	1
0.512194746	0.674333754	0
0.722349231	0.584382775	1
0.207660564	0.611733743	1
0.588148303	0.812645793	0
0.408489183	0.484303642	1
0.420379198	0.480402203	1
0.630107721	0.708180211	0
0.260874329	0.441130447	1
0.244915129	0.415972624	1
0.46379402	0.5592366	1
0.082061272	0.532222858	1
0.050129538	0.579683598	1
0.918982648	0.626190125	1
0.323182968	0.501416892	1
0.433337472	0.698334874	0
0.067144378	0.646674826	1
0.805833511	0.797772051	0
0.303416888	0.430485384	1
0.734241651	0.617825979	0
0.375628668	0.542303168	0
0.310095361	0.54500609	0
0.483607459	0.384779301	1
0.673041465	0.642210355	1
0.159844341	0.633739722	1
0.260789025	0.552309703	1
0.250917441	0.547830453	1
0.736424737	0.678076937	0
0.168849444	0.550322456	1
0.519254443	0.382207629	1
0.130991147	0.528398198	1
0.161312624	0.546149083	1
0.307832366	0.54335281	1
0.342895222	0.58346126	1
0.563915367	0.479007757	1
0.183598043	0.773541726	0
0.292955475	0.632722123	1
0.217861859	0.596867187	1
0.511016554	0.724184718	0
0.735303955	0.77740495	0
0.139221907	0.548352764	1
0.182891744	0.514535423	1
0.724292648	0.735883667	0
0.176070264	0.519642502	1
0.152557009	0.575375113	1
0.593931773	0.823543985	0
0.143160751	0.484570991	1
0.77936846	0.681621009	0
0.325711501	0.494852367	1
0.122782898	0.584204026	1
0.538989402	0.749429517	0
0.176700783	0.519581364	1
0.179142804	0.51236357	1
0.754733889	0.405027139	0
0.467553544	0.281386732	0
0.149788831	0.507641533	1
0.124517684	0.534637177	1
0.079059099	0.524079564	1
0.744260726	0.83549817	0
0.122609366	0.510709139	1
0.79907	0.692033005	0
0.725310431	0.904889702	0
0.168369876	0.569621754	1
0.256969275	0.574672348	1
0.709284541	0.819507193	0
0.616539585	0.909286472	0
0.71978513	0.791874807	0
0.056477704	0.545706066	1
0.049694396	0.54343505	1
0.744671569	0.279689141	0
0.626103847	0.563707482	1
0.694112806	0.471781846	1
0.131523943	0.552691139	1
0.207018638	0.578382113	1
0.211498065	0.582683593	1
0.414848206	0.369237921	1
0.104718437	0.423699733	1
0.089792573	0.540747138	1
0.774414923	0.2794433	1
0.638035269	0.356885726	1
0.704335723	0.338300746	1
0.660482218	0.350032335	1
0.634728833	0.35602084	1
0.779967772	0.297879118	1
0.795652299	0.829782905	0
0.203578371	0.469218102	1
0.062779125	0.530759646	1
0.202843025	0.50213836	1
0.139912265	0.44626299	1
0.081685684	0.536014076	1
0.74964034	0.828877563	0
0.077098784	0.597814687	1
0.668850083	0.316014241	1
0.746273089	0.680550171	0
0.097671586	0.442826373	1
0.559349405	0.274583379	1
0.701898842	0.72371813	0
0.798405101	0.846441577	0
0.548850018	0.342393774	1
0.066653759	0.559087145	1
0.195278571	0.477457546	1
0.102624663	0.51815969	1
0.168049512	0.539136428	1
0.1061973	0.597458464	1
0.104907365	0.442217736	1
0.139477386	0.531214928	1
0.165750138	0.486423818	1
0.131450631	0.530445452	1
0.101940792	0.523040935	1
0.147004705	0.495715921	1
0.792080735	0.751503111	0
0.080708627	0.554176574	1
0.760708718	0.34669934	1
0.755273094	0.348125485	1
0.763521838	0.342938326	1
0.766783972	0.782913447	0
0.075243804	0.56204768	1
0.779597041	0.832526334	0
0.521500552	0.752206406	0
0.626676083	0.743992702	0
0.202886427	0.549424999	1
0.234269184	0.445563027	1
0.078257141	0.525169224	1
0.738095091	0.945893715	0
0.208770199	0.553221225	1
0.69036606	0.733347655	0
0.63174233	0.616348434	0
0.318444479	0.416922891	0
0.653441199	0.542109951	0
0.335972413	0.694960847	0
0.189508144	0.510159132	1
0.077394118	0.499744339	1
0.109226816	0.533459757	1
0.728744733	0.588739431	0
0.772127999	0.792687546	0
0.079888722	0.553583433	1
0.52329367	0.570768612	0
0.202344341	0.49365702	1
0.577411887	0.639928853	0
0.702680454	0.686590665	0
0.490711127	0.624629529	0
0.267971568	0.589878662	0
0.11860368	0.582444446	1
0.749301036	0.906049688	0
0.103861275	0.57019213	1
0.313465855	0.458479151	1
0.154701177	0.603778781	1
0.723433761	0.645698467	0
0.674072247	0.786741193	0
0.114255586	0.571941095	1
0.720936426	0.672632215	0
0.586914644	0.781200487	0
0.60278647	0.784413575	0
0.769394757	0.810705378	0
0.584491637	0.82770791	0
0.108522107	0.591997128	1
0.122443171	0.619131231	1
0.232329408	0.509348705	1
0.286962492	0.531046706	1
0.042142283	0.645496285	1
0.064929055	0.676713164	1
0.242563619	0.780292957	0
0.773524729	0.818629312	0
0.498614627	0.823461953	0
0.141717323	0.529378924	1
0.102789786	0.605876034	1
0.572784688	0.235738641	0
0.120677461	0.520855804	1
0.219293864	0.464771792	1
0.578791834	0.920100397	0
0.043206464	0.586361774	1
0.059011245	0.55543111	1
0.509386767	0.277725993	0
0.081108238	0.535219335	1
0.529267222	0.830784866	0
0.615935355	0.891461966	0
0.093449903	0.507714954	1
0.230281792	0.508682077	1
0.236256902	0.51971413	1
0.294874257	0.540049932	1
0.317345221	0.542482929	1
0.17001884	0.482167319	1
0.143596894	0.536439052	1
0.76813023	0.842636883	0
0.690149481	0.835866037	0
0.125702832	0.548587966	1
0.796563409	0.858644294	0
0.26839267	0.453925201	0
0.752396847	0.853429761	0
0.313656265	0.423939992	1
0.116917862	0.559018471	1
0.170496212	0.526742407	1
0.121245718	0.556040278	1
0.513751016	0.487936956	1
0.137478065	0.523270372	1
0.369225827	0.585800658	1
0.208106843	0.537837016	1
0.662207737	0.76076733	0
0.696489594	0.915696714	0
0.103435299	0.577953463	1
0.599325396	0.413045969	0
0.233613048	0.536962846	1
0.537723403	0.298502421	0
0.577750041	0.449577436	1
0.785087025	0.372391549	1
0.73381684	0.40822724	1
0.159483111	0.579025555	1
0.68182896	0.419017282	1
0.183586298	0.550225022	1
0.245078048	0.528677143	1
0.621498696	0.54355515	1
0.091936213	0.603494826	1
0.234887649	0.531270721	1
0.167777705	0.568608302	1
0.243460581	0.537597701	1
0.420361161	0.343452328	1
0.429264845	0.433745786	1
0.239116345	0.47449322	1
0.772038312	0.759852443	0
0.130004937	0.474446229	1
0.447989186	0.886074593	0
0.650949219	0.839388671	0
0.630182869	0.360654862	1
0.301617134	0.504646326	1
0.622902351	0.661089477	0
0.679248191	0.51458783	1
0.540051864	0.2882786	1
0.579945148	0.380829038	0
0.33005569	0.443712127	0
0.321869669	0.52299452	1
0.633734427	0.357137467	1
0.609963615	0.368740594	1
0.17037431	0.485209335	1
0.458473978	0.498435175	1
0.16694639	0.292728789	1
0.323247754	0.428624524	1
0.586066816	0.377602684	1
0.14057348	0.789077651	0
0.045792417	0.599783508	1
0.187982327	0.556108248	1
0.283810059	0.53282085	1
0.232096905	0.490818802	1
0.094816346	0.56329908	1
0.147405674	0.544487055	1
0.058946188	0.64178917	1
0.243375747	0.408524366	1
0.469118078	0.95475496	0
0.313965285	0.514177557	1
0.087857689	0.529460023	1
0.129184764	0.472057572	1
0.121700751	0.470871354	1
0.092783829	0.535943097	1
0.091640173	0.54212165	1
0.540620126	0.246065509	0
0.601653091	0.892670819	0
0.15367759	0.534916583	1
0.37852361	0.421503637	1
0.762062176	0.872855146	0
0.13766341	0.571449384	1
0.642339324	0.835326462	0
0.036986571	0.624243741	1
0.783034784	0.335857618	0
0.309938627	0.545410903	1
0.692922943	0.800281208	0
0.216704341	0.498368859	1
0.181680819	0.394512905	1
0.495542702	0.291358203	1
0.530773045	0.471733095	1
0.182682134	0.490471756	1
0.452637289	0.467563317	1
0.496041849	0.066079386	1
0.315004723	0.217347781	1
0.113472407	0.547547139	1
0.050724535	0.600846551	1
0.58459586	0.266001253	0
0.608608606	0.611512051	1
0.088489514	0.451040763	1
0.06015858	0.587286777	1
0.08312481	0.56558519	1
0.133331072	0.501210703	1
0.206495164	0.51810996	1
0.065488193	0.588050813	1
0.744522167	0.331859553	1
0.530069183	0.284361052	1
0.742122825	0.813406099	0
0.636940473	0.334094004	1
0.580750004	0.312686114	1
0.494437781	0.290487658	1
0.774360532	0.792042269	0
0.768208792	0.781321479	0
0.430247443	0.229945218	1
0.151305	0.469949914	1
0.091142647	0.524353613	1
0.485575056	0.119300314	1
0.19521068	0.509319867	1
0.781020436	0.61754718	0
0.12493068	0.54573449	1
0.158578453	0.563173132	1
0.190433661	0.525890974	0
0.021505749	0.677913099	1
0.63301607	0.594378924	0
0.109199945	0.473259325	1
0.415001421	0.225245132	1
0.485379806	0.332178635	1
0.52856024	0.247794269	1
0.081487786	0.570827746	1
0.051775665	0.574546579	1
0.105536259	0.569730368	1
0.228338585	0.392369189	1
0.678511786	0.286639745	1
0.758659064	0.798871269	0
0.077534377	0.565135623	1
0.274387876	0.53554974	1
0.329326078	0.36911096	1
0.29548262	0.159839247	1
0.565363708	0.35418155	1
0.329167042	0.186521071	1
0.764644674	0.793489107	0
0.050779467	0.469559995	1
0.098090955	0.546676309	1
0.194959638	0.515041228	1
0.626687405	0.395613178	1
0.380343244	0.442697225	1
0.780008364	0.328758285	1
0.521667924	0.402751909	1
0.507484528	0.177803012	1
0.584379057	0.393272604	1
0.78870199	0.858095581	0
0.507544913	0.085635793	0
0.03727193	0.613197693	1
0.111318658	0.591109346	1
0.419715127	0.498568359	1
0.469866938	0.423274125	1
0.471253907	0.257555135	1
0.361524016	0.463007332	1
0.201049615	0.531002052	0
0.272119678	0.51389957	1
0.30548081	0.481041066	0
0.447505278	0.455457269	1
0.780020123	0.347227637	1
0.175008196	0.53477838	1
0.256147838	0.130665837	1
0.56117013	0.421298945	1
0.26724006	0.265083696	1
0.458602388	0.273291512	1
0.696842366	0.409659522	1
0.567345379	0.39068548	1
0.593556083	0.332206667	1
0.449190404	0.462598776	1
0.531179093	0.476842325	1
0.255244649	0.41194895	1
0.358323894	0.430033321	1
0.158227047	0.44775656	1
0.256279423	0.499008667	1
0.243695051	0.519146659	1
0.089811469	0.549675893	1
0.782711374	0.800028747	0
0.759833947	0.700424254	0
0.751455228	0.68495669	0
0.784173132	0.674447484	0
0.166317173	0.502058254	1
0.761915975	0.616298193	0
0.771578772	0.707458441	0
0.77760967	0.710940504	0
0.654974199	0.594881415	0
0.099019434	0.516343965	1
0.252485297	0.514409407	1
0.155955981	0.517848239	1
0.201217055	0.485936758	1
0.094019404	0.527803112	1
0.125609031	0.550282833	1
0.732985452	0.395601848	0
0.190877678	0.474075623	1
0.157639011	0.567735209	1
0.206113814	0.463166974	1
0.684274802	0.752670884	0
0.774400109	0.714993859	0
0.105302297	0.566542351	1
0.114216063	0.557755284	1
0.746091291	0.7629486	0
0.206676219	0.453940318	1
0.117824697	0.494596757	1
0.212687377	0.567954672	1
0.173516535	0.56096391	1
0.183495181	0.571194486	1
0.766898381	0.732780142	0
0.111790157	0.563889156	1
0.159639591	0.511939516	0
0.581469816	0.854450168	0
0.767944716	0.79403932	0
0.585239569	0.70430189	0
0.092165934	0.544802206	1
0.766128369	0.786171028	0
0.140910826	0.499711037	1
0.131688202	0.515533866	1
0.592518091	0.269946145	0
0.639973198	0.869882305	0
0.661655761	0.723006813	0
0.075113755	0.608438227	1
0.725666286	0.807672676	0
0.649526973	0.763753245	0
0.137769965	0.579139184	1
0.645854898	0.663256992	0
0.103821943	0.564546438	1
0.080975413	0.522883107	1
0.490630861	0.749030831	0
0.088983049	0.593063195	1
0.540789441	0.646616225	0
0.176213346	0.467580916	1
0.304194704	0.418780936	1
0.716115355	0.386880995	0
0.137061381	0.517378693	1
0.76386247	0.800002971	0
0.112431027	0.551711741	1
0.43041739	0.376405243	0
0.787902256	0.741997169	0
0.813195705	0.835224575	0
0.30583782	0.740586837	0
0.10936072	0.619887828	1
0.100727617	0.580672758	1
0.051443942	0.66464719	1
0.111395766	0.553381988	1
0.141325886	0.570029888	1
0.062198215	0.645683203	1
0.036200249	0.600138097	1
0.499130303	0.872454059	0
0.450951645	0.482719374	1
0.431587474	0.496244923	1
0.372299913	0.509657577	1
0.183837721	0.568858897	1
0.399160534	1	0
0.191242026	0.571267425	1
0.772047483	0.779131084	0
0.430371479	0.314443975	0
0.111651669	0.611506473	1
0.162808475	0.615693447	1
0.330808284	0.572753868	1
0.334201724	0.401019458	1
0.625638581	0.987762289	0
0.383599443	0.386429734	0
0.162333508	0.638191522	1
0.269054962	0.403188808	1
0.494358333	0.159539027	1
0.622273061	0.449430746	1
0.476333277	0.460143054	1
0.502491696	0.912304747	0
0.783134739	0.691865994	0
0.60137128	0.765942767	0
0.140013889	0.504569649	1
0.073758623	0.590799199	1
0.530310556	0.278170413	1
0.075812609	0.686301891	1
0.327707811	0.197674943	1
0.481775714	0.880302055	0
0.133126601	0.647927576	1
0.107135284	0.547992926	1
0.715780074	0.356153941	1
0.582836603	0.829899237	0
0.427399636	0.551194452	1
0.213986349	0.485949256	1
0.189900278	0.615658296	1
0.733520727	0.388193012	1
0.73851869	0.380997127	1
0.36280227	0.186761208	1
0.736592319	0.372563441	1
0.49885593	0.274368015	1
0.16101216	0.515754773	1
0.169050762	0.516161555	1
0.643062349	0.369710994	1
0.056231778	0.666169356	1
0.748211674	0.372528626	1
0.120639064	0.560956546	1
0.192606534	0.517940605	1
0.095217408	0.57605481	1
0.137856227	0.608310867	1
0.116744535	0.571645478	1
0.228006913	0.513559592	1
0.784984664	0.342418987	1
0.663531955	0.820240503	0
0.23711312	0.442043299	1
0.190233317	0.431444036	1
0.517019608	0.057692729	0
0.24069351	0.481334658	1
0.452841589	0.49636426	1
0.347613705	0.478752666	1
0.098030863	0.549854203	1
0.104116352	0.63214244	1
0.586775195	0.787564339	0
0.780925909	0.414784117	1
0.349155235	0.592379098	1
0.194776783	0.492238975	1
0.473334442	0.292132256	1
0.746891859	0.841833332	0
0.285569538	0.495877697	1
0.546365956	0.318738192	1
0.098085158	0.547367092	1
0.56232944	0.266798769	1
0.77063255	0.672884379	0
0.14040938	0.541010212	1
0.75102709	0.295734866	0
0.176339438	0.597021404	1
0.699181595	0.365037233	1
0.538716319	0.260937645	1
0.611650024	0.353763653	1
0.726496006	0.350478018	1
0.472285742	0.253267182	1
0.055654055	0.595767372	1
0.595313885	0.439310255	1
0.531809517	0.424406172	1
0.152100336	0.516009743	1
0.767935007	0.331066739	1
0.067893349	0.623397139	1
0.21463964	0.477044575	1
0.129457072	0.541748501	1
0.1467164	0.523937059	1
0.105498308	0.495821753	1
0.681724523	0.724850186	0
0.659793267	0.589058132	0
0.141297256	0.481467193	1
0.041515775	0.639330334	1
0.10988436	0.603336624	1
0.731698039	0.329197114	1
0.146030407	0.572826109	1
0.507682848	0.259478109	1
0.851334729	0.613401324	1
0.06633759	0.494441698	1
0.158821001	0.517090161	1
0.672908302	0.810952432	0
0.386367097	0.867175262	0
0.174637715	0.471547324	1
0.223542697	0.495374147	1
0.101005229	0.597441906	1
0.3054438	0.196070123	1
0.784552591	0.355253964	1
0.164488836	0.50825866	1
0.578103052	0.32570979	1
0.550949956	0.383827245	1
0.280155697	0.277739661	1
0.082716465	0.537441477	1
0.493141405	0.402844738	1
0.131342691	0.525152992	1
0.772620842	0.336536025	1
0.352862624	0.434456672	1
0.560807111	0.308365123	1
0.07320584	0.540388957	1
0.72658933	0.393977167	1
0.247365899	0.493886393	1
0.434143642	0.177488043	1
0.748571165	0.320264953	1
0.776246294	0.355766239	1
0.554273173	0.702028282	0
0.114556105	0.560797063	1
0.131227226	0.50943587	1
0.166776225	0.486743374	1
0.614442885	0.406427766	1
0.090521962	0.587035725	1
0.15001467	0.551343094	1
0.541511529	0.407092416	1
0.543265913	0.408135466	1
0.599541594	0.303087926	1
0.177992942	0.534301359	1
0.777577555	0.337616785	1
0.384895835	0.446435407	1
0.63033378	0.394597478	1
0.226982339	0.502030161	1
0.505658058	0.093416175	1
0.04601025	0.638308505	1
0.117498736	0.566190355	1
0.292267215	0.509793968	1
0.469428994	0.24517363	1
0.475939937	0.210894789	1
0.138895373	0.55051825	1
0.543951864	0.374483404	1
0.55273333	0.44300578	1
0.209660271	0.547822519	1
0.172988409	0.539214157	1
0.673956177	0.440258854	1
0.560269095	0.192849694	0
0.761521702	0.371214276	1
0.294133566	0.179934922	1
0.106975867	0.577344919	1
0.500997543	0.484051336	1
0.484991139	0.25831516	1
0.573313956	0.319274524	1
0.58732915	0.395830036	1
0.496228024	0.394507946	1
0.219118592	0.540858495	1
0.208565787	0.551685701	1
0.276848106	0.531782689	1
0.81381392	0.421790944	1
0.320919721	0.436994477	1
0.274117818	0.485478281	1
0.043031573	0.357417318	1
0.49383363	0.495077986	1
0.372804768	0.477035326	1
0.195424646	0.424746344	1
0.215846213	0.410241204	1
0.180529814	0.475967517	1
0.074168635	0.298932634	1
0.175916967	0.428552106	1
0.820705474	0.609376848	1
0.119584167	0.491895241	0
0.633767166	0.700700215	0
0.068168406	0.417570334	1
0.09198187	0.391591127	1
0.731310371	0.695091981	0
0.741868586	0.764003441	0
0.650208075	0.590880416	1
0.750308926	0.695327703	0
0.766474731	0.682352913	0
0.11559715	0.464860488	1
0.174140074	0.505943203	1
0.707532101	0.733481799	0
0.677014207	0.705794855	0
0.152975597	0.498753849	1
0.435644618	0.456027021	1
0.789300741	0.75030562	0
0.146202806	0.534399499	1
0.162201434	0.525600039	1
0.109686984	0.540394671	1
0.119465888	0.524831555	1
0.740275114	0.597698058	0
0.75747582	0.6615932	0
0.740613219	0.818550197	0
0.127704572	0.519291721	1
0.253588853	0.509884371	1
0.600795	0.735812681	0
0.501996276	0.705703709	0
0.603548361	0.294501354	0
0.101919053	0.581030616	1
0.098109505	0.543452469	1
0.090615273	0.56731501	1
0.592185947	0.864825149	0
0.044277198	0.450202603	1
0.046116643	0.455652409	1
0.735894397	0.777049399	0
0.026346452	0.45893651	1
0.263467814	0.44677613	1
0.700222689	0.762397188	0
0.065071206	0.5493929	1
0.151909059	0.492487729	1
0.045999276	0.504544302	1
0.125332743	0.50762407	1
0.782373483	0.287024803	0
0.404196476	0.688050211	0
0.130681579	0.498848634	1
0.053263059	0.555804663	1
0.102986588	0.588146387	1
0.120085445	0.548069238	1
0.143759675	0.51950458	1
0.127565416	0.509748553	1
0.751657653	0.334231948	0
0.785380909	0.759682149	0
0.612244878	0.767634189	0
0.220794087	0.46857816	1
0.028318365	0.686234283	1
0.727804114	0.790675563	0
0.282667587	0.944260536	0
0.560791678	0.980441261	0
0.202272502	0.530985634	1
0.261184871	0.469823526	1
0.101785318	0.525250241	1
0.201977094	0.486246577	1
0.580169608	0.783484171	0
0.257156437	0.462743523	1
0.202426295	0.47130928	1
0.066959007	0.55540828	1
0.750274365	0.774619092	0
0.167988892	0.523684818	1
0.760518685	0.760659785	0
0.124265731	0.55906048	1
0.090884435	0.532867978	1
0.33624797	0.396889438	1
0.65891035	0.965326778	0
0.053794262	0.575252127	1
0.059016871	0.521351148	1
0.14795029	0.445857307	1
0.068704406	0.40441821	1
0.115392848	0.43558198	1
0.07768411	0.415954068	1
0.077444186	0.423680686	1
0.434662058	0.693932231	1
0.136438072	0.507197881	0
0.711492952	0.755127989	0
0.755061021	0.739756765	0
0.062113773	0.478225371	1
0.070762536	0.602994113	1
0.15833827	0.514082819	1
0.7095231	0.33208553	0
0.122905931	0.543079741	0
0.612471124	0.748451643	0
0.209494604	0.465415771	0
0.494504828	0.828376324	0
0.757092375	0.722072702	0
0.134160945	0.528866285	1
0.687578986	0.762796475	0
0.289603461	0.551731127	1
0.122315853	0.482273388	1
0.776289235	0.708621496	0
0.643367253	0.892545108	0
0.16046003	0.365163557	0
0.99358137	0.399325089	0
0.626378822	0.764567292	0
0.142091984	0.375039433	0
0.767983555	0.708550998	0
0.649873905	0.814784434	0
0.149165591	0.550106533	1
0.070126238	0.584862708	1
0.098686589	0.445257878	0
0.116484153	0.560904373	1
0.115048303	0.558154416	1
0.086777178	0.628839186	1
0.056375679	0.414346248	0
0.106184043	0.59191822	1
0.724958684	0.350472652	0
0.720185965	0.355032204	0
0.731097216	0.355174512	0
0.222787786	0.525525293	1
0.537853771	0.382416088	1
0.049164548	0.620552031	1
0.784591475	0.913750892	0
0.62872783	0.751543418	0
0.725521186	0.729351895	0
0.141407451	0.406875449	0
0.719341556	0.729783398	0
0.062632294	0.430857818	0
0.063260347	0.426178865	0
0.433221226	0.072020977	0
0.102495425	0.364447981	0
0.047294718	0.617449747	1
0.776350905	0.80490233	0
0.73130367	0.754020102	0
0.776377427	0.734976984	0
0.660384959	0.760495429	0
0.599647425	0.881220995	0
0.135389479	0.502713333	1
0.795000055	0.697164658	0
0.722925835	0.745037254	0
0.704341147	0.814847525	0
0.684948407	0.752045906	0
0.718779943	0.811877011	0
0.575353871	0.293997551	1
0.774821663	0.817083162	0
0.78633174	0.708262082	0
0.118847269	0.57471853	1
0.786929162	0.792884724	0
0.768236715	0.774658353	0
0.317048726	0.475973752	1
0.604077526	0.300054456	1
0.548375172	0.345792948	1
0.078289612	0.551963437	1
0.097009825	0.526744571	1
0.204908365	0.511124676	1
0.312788385	0.561644504	1
0.260475377	0.527821327	1
0.344938587	0.492583089	1
0.053399703	0.617725353	1
0.616813989	0.345283294	1
0.751530198	0.407083349	1
0.804637017	0.64224514	0
0.733918941	0.431335859	1
0.746251315	0.396635063	1
0.180398983	0.541723441	1
0.360944327	0.305443231	1
0.702093712	0.326212011	1
0.16779132	0.607525782	1
0.717384914	0.752746593	0
0.21627265	0.434421525	1
0.611700553	0.36771525	1
0.443260474	0.677446279	0
0.633735273	0.897374063	0
0.663784892	0.849826416	0
0.674138846	0.839029359	0
0.138175216	0.496428826	1
0.740344223	0.792313598	0
0.024759885	0.309599826	1
0.053680046	0.371138022	0
0.184225308	0.548162225	1
0.276839555	0.026280876	0
0.338914282	0.06143641	0
0.163586997	0.488584388	1
0.212004541	0.506339074	1
0.189861225	0.490193669	0
0.047207256	0.453022143	1
0.149810739	0.535757306	1
0.037672917	0.437416515	1
0.27587255	0.862664875	0
0.359225299	0.357489079	0
0.34501462	0.816268593	0
0.087693023	0.615052613	1
0.219173743	0.93089256	0
0.076782124	0.530486909	1
0.076531672	0.572653277	1
0.62933571	0.452484459	0
0.246509541	0.456980915	1
0.386795678	0.758269744	0
0.281066508	0.457691616	0
0.080714695	0.544088432	1
0.598333182	0.725460509	0
0.55625265	0.820681291	0
0.098184213	0.658921788	1
0.102779575	0.538586723	1
0.786410267	0.746759845	0
0.194924314	0.521862459	1
0.729680755	0.708087522	0
0.348107672	0.488705509	0
0.299723606	0.827679398	0
0.199519043	0.528613911	1
0.096007274	0.546082839	0
0.052360584	0.522134824	1
0.22765043	0.600115783	1
0.168788902	0.558949054	1
0.260667139	0.464765924	0
0.370051639	0.835678834	0
0.081608671	0.569092208	1
0.386922332	0.313103272	1
0.313551062	0.415302129	1
0.255170407	0.498620201	1
0.222486761	0.466411474	1
0.545507585	0.465974761	0
0.363742647	0.660993022	0
0.073067069	0.590881582	1
0.240405728	0.485496036	1
0.454238858	0.424012471	1
0.437974044	0.38597024	1
0.243855965	0.484447236	1
0.059475026	0.540100071	1
0.237585403	0.51983449	1
0.570506371	0.325098084	0
0.840478373	0.724391675	0
0.311012099	0.482059141	1
0.040948606	0.613674241	1
0.252830587	0.399091163	1
0.53270728	0.242624988	0
0.191917372	0.548549724	1
0.143366936	0.541945303	1
0.201293699	0.488908685	1
0.20351456	0.460188985	1
0.575074908	0.681466721	0
0.484441617	0.856138161	0
0.232400107	0.477532564	1
0.103751986	0.525643115	1
0.159131266	0.35809129	1
0.048667519	0.418462421	1
0.503513395	0.509671716	1
0.403388385	0.125206735	1
0.46126076	0.355381578	1
0.291316281	0.396269257	1
0.424374607	0.947397262	0
0.451873964	0.480581745	1
0.083656011	0.502885848	1
0.097233205	0.273542378	1
0.461040525	0.076337648	1
0.219260192	0.534388786	1
0.108607228	0.400464982	1
0.322824531	0.561499757	1
0.560562541	0.305945077	1
0.46358743	0.013390892	0
0.056883355	0.435037116	1
0.65164462	0.308169884	1
0.610312161	0.244196798	1
0.591895463	0.313261174	1
0.527206311	0.213362678	1
0.703208823	0.899831368	0
0.529170901	0.176053623	1
0.11632647	0.521768126	1
0.123080311	0.340287806	1
0.363425634	0.425052516	1
0.047207918	0.600993244	1
0.417616238	0.610092595	0
0.668424413	0.316393114	1
0.745653554	0.250202669	1
0.567725548	0.221792183	1
0.242624565	0.436978103	1
0.26658348	0.65820673	0
0.471086888	0.24246245	1
0.482051949	0.150886448	1
0.274776311	0.048148923	0
0.752989931	0.340958864	1
0.801830873	0.317144008	1
0.605302373	0.269380981	1
0.323052064	0.181598839	1
0.282629264	0.18824526	0
0.650156896	0.217329858	1
0.389276223	0.427489218	1
0.607090938	0.766792101	0
0.134831356	0.517085903	1
0.168473163	0.529716096	1
0.595766248	0.372927341	1
0.329508396	0.458236505	1
0.599125444	0.285123729	1
0.600790494	0.325891564	1
0.726569321	0.334141568	1
0.657204162	0.206628883	1
0.529515167	0.189239528	0
0.364839046	0.270432114	1
0.625962608	0.309157815	1
0.524319854	0.021449695	0
0.217981928	0.383915065	1
0.186214811	0.346307901	1
0.09771411	0.515763849	1
0.27152898	0.353190328	1
0.25017569	0.563103506	0
0.308943638	0.585239136	0
0.318329501	0.412327143	0
0.99408932	0.614362888	0
0.118834677	0.532272308	1
0.448467823	0.370781998	1
0.36371899	0.815323526	0
0.591798298	0.898375192	0
0.283389718	0.5032033	0
0.071752745	0.587384151	1
0.101512472	0.561660594	1
0.767883607	0.696188455	0
0.113486525	0.570539555	1
0.266822403	0.407051001	1
0.076608746	0.396183661	1
0.220131134	0.422789887	1
0.50059547	0.280080898	0
0.584741709	0.301625458	0
0.529885128	0.00992363	0
0.064210936	0.585932481	1
0.21975967	0.502712686	1
0.32313019	0.46026961	1
0.337197555	0.259573963	0
0.131306106	0.527398787	1
0.028372652	0.640637363	1
0.357375448	0.455406095	1
0.552314554	0.157891402	0
0.819853316	0.333208097	0
0.359027916	0.291184393	1
0.353116228	0.455477682	1
0.216405033	0.344857613	0
0.289284315	0.443925016	1
0.10532842	0.540823702	1
0.390348789	0.827242675	0
0.171349935	0.375182385	1
0.330303127	0.456542604	1
0.672004525	0.311199406	0
0.495566613	0.258690918	0
0.341669614	0.456753408	1
0.595004269	0.306325542	0
0.279178417	0.443017586	1
0.213847872	0.332835169	0
0.092289728	0.588424373	1
0.125728919	0.521893226	1
0.317982415	0.446876107	1
0.371347898	0.864089581	0
0.113774594	0.55132877	1
0.280038361	0.483354321	1
0.120732924	0.519035651	1
0.21825764	0.398361839	1
0.433466837	0.740110444	0
0.286909138	0.504861656	1
0.342290646	0.270552314	1
0.329325087	0.519285856	1
0.348274517	0.415882782	1
0.279859236	0.50525416	1
0.772119272	0.689243164	0
0.739981116	0.715157274	0
0.247965215	0.485614332	0
0.243639048	0.455411143	1
0.771654411	0.705993907	0
0.477317386	0.619760307	0
0.100930868	0.488855046	1
0.146394861	0.505683152	1
0.165224625	0.544824691	1
0.228911096	0.462943529	1
0.223381811	0.538383967	1
0.269795859	0.464440708	1
0.313547157	0.512481471	1
0.599410636	0.762400888	0
0.338713915	0.571886919	1
0.700196678	0.765400818	0
0.604652172	0.837155222	0
0.754222333	0.753080031	0
0.138350617	0.593880096	1
0.07453601	0.629226146	1
0.309229303	0.590096643	1
0.538647544	0.520363274	1
0.300670722	0.788349542	0
0.440239481	0.479047595	1
0.141397095	0.520435012	1
0.208401941	0.521822947	1
0.233691009	0.568991965	1
0.158930204	0.772394892	0
0.78260871	0.575343635	0
0.088956397	0.624215047	1
0.38683187	0.492360703	1
0.186263829	0.54861841	1
0.689698275	0.678173409	0
0.713331159	0.743474228	0
0.289696399	0.493030646	1
0.77004702	0.729406573	0
0.701290623	0.27306043	1
0.579222771	0.839299056	0
0.731502794	0.714207888	0
0.585159805	0.505205354	1
0.268028856	0.482455609	1
0.468225972	0.480731008	1
0.657266798	0.381955715	1
0.650777366	0.785972205	0
0.483319933	0.49967476	1
0.736213281	0.712614918	0
0.093290779	0.531295043	1
0.62509236	0.697953642	0
0.542556811	0.556812519	1
0.848214479	0.615977733	0
0.670628746	0.486191084	0
0.135213694	0.507238824	1
0.768853845	0.324906248	1
0.189285388	0.4973367	1
0.802773596	0.68991692	0
0.389239156	0.418717938	0
0.216241193	0.524096153	1
0.624407031	0.483514144	1
0.657344423	0.445524331	1
0.558608931	0.40269393	1
0.750907939	0.404305853	1
0.433473542	0.395967199	1
0.735972535	0.34277583	1
0.472050196	0.462847344	1
0.284619393	0.386570168	1
0.670366373	0.484373598	1
0.226755912	0.482838205	1
0.732817592	0.740114362	0
0.644846389	0.578170313	0
0.342864222	0.538895927	1
0.340714784	0.535808956	1
0.749523341	0.725843718	0
0.792518141	0.628472974	0
0.309730328	0.709165812	0
0.278123848	0.736182173	0
0.75720175	0.614509519	0
0.114708381	0.550814199	1
0.623136172	0.798364088	0
0.131529431	0.52514071	1
0.576727138	0.832089697	0
0.740822726	0.783103745	0
0.179502402	0.590679357	1
0.750361928	0.774158648	0
0.674023358	0.574090575	1
0.659402873	0.64201782	1
0.688799346	0.548802288	1
0.490148325	0.475963457	1
0.750903715	0.560606697	0
0.299233866	0.609803636	1
0.196563541	0.460797821	1
0.825331127	0.616560713	0
0.30226231	0.49854513	1
0.164471879	0.548812591	0
0.273555393	0.431686399	1
0.786869433	0.376608547	1
0.193355202	0.577668493	1
0.109348552	0.527327525	1
0.304224842	0.824957966	0
0.110734626	0.522493937	1
0.399724627	0.527616516	1
0.193715625	0.517994534	1
0.068429618	0.647991618	1
0.50961276	0.531423659	1
0.122690633	0.583942531	1
0.515892044	0.528797	1
0.126890438	0.634182138	1
0.665699422	0.390045724	1
0.138850941	0.586055743	1
0.189883158	0.529720187	1
0.420892702	0.481002408	1
0.182249511	0.57645095	1
0.671776078	0.540389858	1
0.636276719	0.506748563	1
0.253676817	0.519352301	1
0.442735307	0.513058819	1
0.200705203	0.47040473	1
0.759107174	0.616933589	1
0.324463769	0.502060607	1
0.226461358	0.473856481	1
0.301874648	0.503821114	1
0.587459607	0.822096969	0
0.251051999	0.493641322	1
0.717927408	0.603677473	1
0.536690049	0.424955338	1
0.133255671	0.564922466	1
0.50011046	0.44146829	1
0.546484672	0.56521314	1
0.577660505	0.492645627	1
0.206922462	0.492727168	0
0.486731264	0.521893051	1
0.333864981	0.338020973	1
0.069482305	0.589313238	1
0.512469759	0.46589829	1
0.593792123	0.701206063	0
0.096264253	0.578487285	1
0.744732845	0.362147381	1
0.693771996	0.733346261	0
0.061939711	0.473637256	1
0.107868028	0.484494735	1
0.564641612	0.297068444	1
0.781915957	0.416185072	1
0.764594562	0.402528664	1
0.468485135	0.547329604	1
0.781065147	0.414231622	1
0.179180369	0.788690393	0
0.177985529	0.579848561	1
0.434252895	0.543939297	1
0.141534429	0.497375443	1
0.102770411	0.567740933	1
0.483549735	0.489735787	1
0.565173462	0.100802805	0
0.511615982	0.45194884	1
0.065333237	0.460910237	1
0.784834914	0.357953055	1
0.461958285	0.458386697	1
0.550389087	0.327250438	1
0.249773601	0.546231461	1
0.663699418	0.330328685	1
0.741641142	0.353460197	1
0.778238311	0.373119291	1
0.755497514	0.359308509	1
0.534193924	0.841671535	0
0.738483736	0.728575778	0
0.639329905	0.446494641	1
0.705811146	0.418865335	1
0.051524947	0.596313979	1
0.75720679	0.407515564	1
0.533732773	0.088590351	1
0.785035439	0.327765365	1
0.555078519	0.450463169	1
0.364494937	0.50541783	1
0.128166252	0.565041904	1
0.067598615	0.577216002	1
0.710273991	0.72463005	0
0.464843279	0.279202743	1
0.632122819	0.700386463	0
0.120075126	0.51930739	1
0.747641494	0.69316528	0
0.072714967	0.630772017	1
0.510539778	0.372678736	0
0.766214858	0.682870171	0
0.542822402	0.458110811	1
0.781395355	0.363597774	1
0.228582566	0.498985722	1
0.508757057	0.463546631	1
0.376958975	0.501935667	1
0.361909775	0.610101301	1
0.778667721	0.388671838	1
0.538013009	0.386343032	1
0.799255328	0.430920206	1
0.779060545	0.767949062	0
0.780630523	0.418551096	1
0.758890875	0.407063658	1
0.775511258	0.420126084	1
0.779782636	0.438971921	1
0.409818603	0.402832451	1
0.776658902	0.421430902	1
0.154547446	0.547815962	1
0.599961337	0.810755462	0
0.593991455	0.500421275	1
0.068173492	0.530684107	1
0.143786913	0.518701281	1
0.142784758	0.527976277	1
0.277665537	0.497152875	1
0.668485819	0.574519277	1
0.067350199	0.590915948	1
0.675288447	0.577487679	1
0.140851213	0.544934988	1
0.13959258	0.565890399	1
0.311401303	0.506063981	1
0.357218345	0.566180191	1
0.479774075	0.443265888	1
0.10610498	0.569576968	1
0.784459507	0.346910308	1
0.42578365	0.433760669	1
0.597063513	0.706955739	0
0.453893393	0.453631422	1
0.258743907	0.453234236	1
0.200974339	0.474024739	1
0.466333127	0.281532091	0
0.25370585	0.534080027	1
0.038266663	0.654972153	1
0.691913796	0.470119462	1
0.043210965	0.659306288	1
0.37042582	0.497748243	1
0.119715886	0.497903315	1
0.506997154	0.457725329	1
0.243944897	0.499143051	1
0.757724232	0.385197439	1
0.778015693	0.370267217	1
0.130018876	0.566878139	1
0.757295017	0.380530389	1
0.308376967	0.316460357	1
0.143995132	0.569369464	1
0.484610954	0.44972951	1
0.514363297	0.436602258	1
0.398256109	0.502345531	1
0.532768302	0.312898066	1
0.523852728	0.439548589	1
0.404470704	0.42402395	1
0.188714256	0.442460789	0
0.623793349	0.241051516	0
0.193962199	0.562752583	1
0.13402714	0.620613395	1
0.544665357	0.753377725	0
0.64150573	0.459419434	1
0.642405021	0.7352198	0
0.695796443	0.758147943	0
0.202799857	0.533397972	1
0.262313207	0.348595863	1
0.144286043	0.570764155	1
0.753220941	0.334756593	1
0.732102951	0.483144191	1
0.10609122	0.553066213	1
0.66237021	0.534719398	1
0.659424415	0.738409347	0
0.197467455	0.48680764	1
0.519058979	0.420200851	1
0.570843471	0.43756188	1
0.711292429	0.691939514	0
0.186937989	0.548303407	1
0.379153201	0.497603592	1
0.699227412	0.361430715	1
0.173973491	0.501599651	1
0.554308048	0.413289395	1
0.475318472	0.420918201	1
0.270216017	0.5234926	1
0.231740562	0.424912715	1
0.061673117	0.62209094	1
0.430673106	0.596963902	1
0.67420268	0.381197858	1
0.299402604	0.497033181	1
0.541099848	0.406827574	1
0.047933011	0.627028402	1
0.779921482	0.340094232	1
0.763624447	0.775600024	0
0.531192695	0.746940795	0
0.652240826	0.262574388	0
0.16729112	0.603720928	1
0.297147219	0.278839542	1
0.744756477	0.363148177	1
0.685788791	0.39618304	1
0.473883707	0.417368561	1
0.775374689	0.399010341	1
0.748163997	0.467655447	1
0.652272194	0.386524639	1
0.771346673	0.474261651	1
0.169071331	0.538765384	1
0.628365749	0.392989129	1
0.448234129	0.404405905	1
0.780680619	0.392317152	1
0.408452909	0.632189124	1
0.568162655	0.86508502	0
0.782474961	0.410397926	1
0.071626894	0.598615014	1
0.764286739	0.329728407	1
0.160158502	0.534834724	1
0.307922643	0.238683268	1
0.559880064	0.615921901	1
0.348621958	0.53634189	0
0.365462607	0.454258145	1
0.202365352	0.520910511	1
0.779023759	0.371509017	1
0.753208458	0.4258088	1
0.160211694	0.538903676	1
0.502655951	0.416690408	1
0.77023204	0.320515911	1
0.72682582	0.399192233	1
0.224300436	0.544908824	1
0.448183854	0.503412231	1
0.498225068	0.383362717	1
0.167953561	0.640199014	1
0.105151607	0.565542189	1
0.763734899	0.360968089	1
0.407125612	0.467896348	1
0.777149795	0.340111494	1
0.06633778	0.617943913	1
0.418207118	0.466735355	1
0.739296941	0.618682698	1
0.42626623	0.480391694	1
0.17296686	0.575377179	1
0.664794368	0.414180954	1
0.314160245	0.495609508	1
0.443778453	0.629006449	1
0.523300877	0.295400997	1
0.217358191	0.542558142	1
0.206416843	0.656562949	1
0.523234416	0.289338849	1
0.186850786	0.553343626	1
0.61876519	0.392287114	1
0.083990098	0.521258445	1
0.124720383	0.579437425	1
0.74558541	0.377998235	1
0.180168872	0.542067197	1
0.661740733	0.416029607	1
0.021861556	0.711673093	1
0.614709842	0.831355822	0
0.286697184	0.862326035	0
0.168578036	0.773713699	0
0.576188792	0.400681488	1
0.237408068	0.573750293	1
0.076365673	0.591653514	1
0.427017246	0.431386091	1
0.120857237	0.557995173	1
0.684579669	0.459465215	1
0.65312861	0.444974513	1
0.704924102	0.453060321	1
0.087732224	0.582712213	1
0.083180122	0.583227827	1
0.205026715	0.45184597	1
0.560876121	0.434195758	1
0.511987043	0.31954325	1
0.571354642	0.416886057	1
0.713411538	0.429449678	1
0.381734367	0.417964809	1
0.803794023	0.48751694	1
0.583381544	0.400759265	1
0.800591882	0.490085738	1
0.370334449	0.417706396	1
0.680548633	0.410464521	1
0.031833936	0.665133755	1
0.522357356	0.58705075	1
0.61795587	0.435893663	1
0.416682652	0.615747208	1
0.278492199	0.560395428	1
0.15320711	0.598118264	1
0.316333566	0.540598462	1
0.770386382	0.382699699	1
0.02515334	0.744939539	1
0.742451039	0.467972138	1
0.482538551	0.411146449	1
0.109420928	0.708042178	1
0.778645838	0.495571927	1
0.204367832	0.398425453	1
0.289121758	0.786693902	0
0.296883555	0.779020955	0
0.091585285	0.589613666	1
0.615400673	0.43890862	1
0.348695291	0.251498023	1
0.626043397	0.437342565	1
0.107686004	0.597153315	1
0.096147071	0.592099899	1
0.544895569	0.532349154	1
0.199427726	0.45818526	1
0.114081563	0.420786986	1
0.513098635	0.474216599	1
0.547028205	0.578389811	1
0.39367664	0.494592718	1
0.206091018	0.480791367	1
0.751187156	0.646157141	0
0.753846179	0.680168589	0
0.279819807	0.493802443	1
0.04464762	0.77293775	1
0.422927282	0.445178	1
0.532874694	0.520491098	1
0.703600502	0.521037308	1
0.507678339	0.518813649	1
0.447547336	0.549118422	1
0.112639959	0.582019736	1
0.610702147	0.545852293	1
0.183833285	0.462182616	1
0.194670942	0.475526941	1
0.484663371	0.469711229	1
0.685292932	0.572267532	1
0.360148381	0.489828622	1
0.682977602	0.573475334	1
0.087212015	0.607113717	1
0.608964014	0.745326764	0
0.152289178	0.633772699	1
0.296473114	0.445462265	1
0.142287167	0.501566044	1
0.801494168	0.692048276	0
0.18616703	0.522619914	1
0.328420236	0.5619907	1
0.190839057	0.5144291	1
0.550086041	0.247113181	0
0.474501208	0.516079829	1
0.120355917	0.404383415	1
0.089172066	0.537863201	1
0.232158722	0.581570423	1
0.371753553	0.591012754	1
0.094880625	0.487671878	1
0.234639257	0.533704934	1
0.25865107	0.590217357	1
0.270154738	0.219343337	1
0.903636762	0.649443864	1
0.775701302	0.721359203	0
0.404503001	0.315202848	1
0.018048714	0.702532911	1
0.208084071	0.617028389	1
0.26182634	0.51947927	1
0.719770543	0.658818783	1
0.417446061	0.314016634	1
0.05144004	0.619247549	1
0.361949296	0.316038176	1
0.174687331	0.48989823	1
0.145096741	0.63887293	1
0.380954003	0.155971098	1
0.083303123	0.453390151	1
0.401696489	0.351866298	1
0.304144874	0.243190332	1
0.239240824	0.101027384	0
0.157696332	0.29325081	1
0.35373172	0.284540247	1
0.40733066	0.321081015	1
0.544155286	0.335791491	1
0.402441246	0.389644498	1
0.268419353	0.884326233	0
0.767766396	0.783263771	0
0.227909154	0.426823608	0
0.125947143	0.552457583	1
0.3846359	0.43230338	1
0.145544976	0.545989453	1
0.445018713	0.457026361	1
0.392639822	0.15227118	0
0.362869022	0.392234144	1
0.216093848	0.51337177	1
0.265734104	0.537544728	1
0.284289526	0.535385034	1
0.135979404	0.552848412	1
0.241958494	0.456367609	1
0.699044831	0.704842965	0
0.37699446	0.418583288	1
0.448005971	0.470639782	1
0.75589645	0.693375103	0
0.793210368	0.718094014	0
0.130058029	0.518874365	1
0.707130223	0.685113063	0
0.782332575	0.717538238	0
0.111942828	0.549450251	1
0.320312544	0.472531348	1
0.115709558	0.39484416	1
0.236507889	0.051720242	0
0.33194321	0.458038238	1
0.134929469	0.414504759	1
0.176918028	0.507112014	1
0.227577313	0.530061527	1
0.16410666	0.584837188	1
0.752116561	0.708512186	0
0.691593956	0.364687125	0
0.76113135	0.710519326	0
0.77303821	0.775477807	0
0.080766047	0.563610933	1
0.661480944	0.759115742	0
0.139171872	0.51935584	1
0.774818321	0.794295702	0
0.116433569	0.579984755	1
0.776094074	0.79462605	0
0.186007595	0.383050179	1
0.729525404	0.674475319	0
0.053785428	0.414348092	1
0.764140619	0.76250384	0
0.774047692	0.783765735	0
0.288706444	0.598320791	1
0.312572349	0.326181178	1
0.237647485	0.345515341	1
0.30738714	0.453560373	1
0.14721651	0.471157777	1
0.24477254	0.605592673	1
0.244665831	0.529784067	1
0.548836739	0.806180806	0
0.684735004	0.744906538	0
0.187138648	0.422955075	0
0.767175796	0.714360782	0
0.764210365	0.714056577	0
0.764280692	0.714541224	0
0.782505368	0.856702471	0
0.789856794	0.673586365	0
0.454586015	0.809830094	0
0.067280397	0.592298082	1
0.251027437	0.48123856	1
0.477220617	0.294382844	0
0.248555396	0.539404476	1
0.772438475	0.709883443	0
0.206417522	0.528851134	1
0.603150075	0.243904429	0
0.525372591	0.033297165	0
0.162678862	0.410182744	1
0.782551876	0.713272322	0
0.792259764	0.858620369	0
0.056176945	0.584179436	1
0.153960458	0.52605308	1
0.752150092	0.692450364	0
0.797601669	0.719346949	0
0.587919751	0.291096841	0
0.718313213	0.702852179	0
0.253076348	0.465825271	1
0.079530015	0.570618854	1
0.161703734	0.513105773	1
0.601777753	0.286032426	1
0.482833361	0.321584795	1
0.494367946	0.327505062	1
0.792621262	0.352420357	1
0.097461336	0.55579452	1
0.586539222	0.303011291	1
0.525372565	0.286895953	1
0.486642077	0.142170813	0
0.170412515	0.537664236	1
0.784771488	0.306885951	1
0.050595504	0.592891457	1
0.595461345	0.273591915	0
0.751875832	0.335256401	0
0.085517206	0.549838006	1
0.083105492	0.550977177	1
0.587506264	0.27582673	0
0.778188844	0.298970405	0
0.775983236	0.363352391	1
0.767792292	0.33863013	0
0.716909149	0.370797415	1
0.416405881	0.308383328	1
0.429385973	0.332082028	1
0.530084394	0.253926536	0
0.287093443	0.514559427	1
0.04746064	0.394003109	1
0.408692259	0.402559748	0
0.052518764	0.560585535	1
0.181429351	0.337677224	1
0.201091715	0.377235033	1
0.448576339	0.477248828	1
0.088831944	0.596049122	1
0.152763561	0.659004198	1
0.046578555	0.549355995	1
0.266489659	0.445414678	1
0.194409455	0.395415122	1
0.47143067	0.496325007	1
0.123864441	0.525732219	1
0.326015106	0.450234289	1
0.529497406	0.270762722	0
0.323513476	0.503091062	1
0.334044419	0.487593466	1
0.61741532	0.710470506	0
0.129821236	0.504937837	1
0.71196286	0.675898773	0
0.701781684	0.316051397	0
0.763432043	0.649199277	0
0.214761362	0.475123673	1
0.777664455	0.365971826	0
0.037983085	0.576039159	1
0.088622163	0.574664785	1
0.342100754	0.471494034	1
0.444771174	0.495419635	1
0.185559896	0.504027743	1
0.199610263	0.507937089	1
0.150472898	0.496329703	1
0.06288911	0.612019434	1
0.780128718	0.793317656	0
0.781247964	0.727699906	0
0.037347283	0.576408488	1
0.098107793	0.523880066	1
0.207238901	0.465280765	1
0.100296476	0.513728631	1
0.146400815	0.486554739	1
0.702400795	0.416930004	1
0.762757501	0.423987617	1
0.754897133	0.422981228	1
0.6848509	0.398969722	1
0.74618841	0.4331945	1
0.776572338	0.772938028	0
0.168430868	0.474552769	1
0.208503411	0.490741896	1
0.782926554	0.831213087	0
0.577210035	0.884656526	0
0.158836052	0.522929413	1
0.144871092	0.553135128	1
0.077136744	0.531101683	1
0.30072814	0.444663025	1
0.130235773	0.536552222	1
0.613730558	0.944039423	0
0.706686196	0.411210179	1
0.780873496	0.35542312	1
0.776434618	0.381502958	1
0.095384554	0.571209617	1
0.341828393	0.849148444	0
0.741798356	0.40949009	1
0.777452428	0.384458583	1
0.073915315	0.52735497	1
0.763037237	0.301418145	1
0.101945119	0.505279085	1
0.1032066	0.528656831	1
0.07883326	0.50046592	1
0.074264062	0.591207058	1
0.714758059	0.798225867	0
0.031806945	0.629513091	1
0.073729408	0.580051534	1
0.545732026	0.232458848	1
0.147803381	0.488869137	1
0.14042696	0.481969781	1
0.788143854	0.863688014	0
0.08404306	0.611084898	1
0.531851001	0.231737132	1
0.104446533	0.552025453	1
0.531644648	0.23429063	1
0.545229837	0.233568914	1
0.070944213	0.521781878	1
0.031495232	0.610657618	1
0.035195363	0.605493229	1
0.453471709	0.425069424	1
0.067282463	0.520840645	1
0.187563858	0.51340302	1
0.607982835	0.7277417	0
0.754346683	0.297825895	1
0.761037015	0.345022801	1
0.621979435	0.735920466	0
0.042427964	0.652469744	1
0.198459795	0.490113075	1
0.784736533	0.803876448	0
0.587760842	0.789390447	0
0.66939234	0.625344609	0
0.078851646	0.522189641	1
0.739018888	0.773210194	0
0.709745248	0.434729669	1
0.651787808	0.404922184	1
0.727707213	0.432131204	1
0.738034188	0.430199554	1
0.743988848	0.43040239	1
0.106853943	0.531473195	1
0.036604986	0.621183987	1
0.398629627	0.416845911	1
0.049056091	0.627630222	1
0.257871151	0.466948403	1
0.037074782	0.643515725	1
0.077804927	0.546036841	1
0.784447236	0.309854894	1
0.295840976	0.446300778	1
0.714067844	0.703958468	0
0.285048767	0.435884908	1
0.247038432	0.515727521	1
0.54208591	0.448359295	1
0.781237257	0.366598603	1
0.027071094	0.599720299	1
0.784695515	0.751256628	0
0.12095252	0.475331863	1
0.043096049	0.613810437	1
0.136380423	0.487324511	1
0.070669543	0.512178257	1
0.098518261	0.593382315	1
0.07566436	0.580164909	1
0.10658883	0.471648363	1
0.272014914	0.510983756	1
0.565937685	0.425352937	1
0.67365234	0.450711444	1
0.675183989	0.451557177	1
0.185057736	0.532443273	1
0.151045851	0.518945508	1
0.220780142	0.521586214	1
0.062738627	0.643937826	1
0.079459026	0.607361986	1
0.047625095	0.624765977	1
0.570206773	0.811978219	0
0.179372436	0.477469676	1
0.068828801	0.597724522	1
0.086419986	0.510083796	1
0.753647216	0.288653317	1
0.062905698	0.588560655	1
0.779082988	0.713264794	0
0.07167803	0.599708157	1
0.740845041	0.688847996	0
0.691222291	0.399699053	1
0.109806259	0.527639275	1
0.750844122	0.297655192	1
0.14109913	0.537745726	1
0.308090686	0.938352695	0
0.214444247	0.483652684	1
0.13446954	0.521367888	1
0.581282532	0.240702411	1
0.097983724	0.520559499	1
0.148314001	0.589509721	1
0.156859161	0.545767252	1
0.770390421	0.335673829	0
0.097493825	0.560944212	1
0.708533576	0.394307886	1
0.070272529	0.537349932	1
0.775936908	0.819421999	0
0.669729062	0.921568335	0
0.158430775	0.478376235	1
0.777200801	0.717872721	0
0.08288685	0.609835951	1
0.109123812	0.563435207	1
0.096399809	0.575910521	1
0.164045445	0.493293617	1
0.16335772	0.486606061	1
0.369332887	0.43279979	1
0.146586529	0.48499952	1
0.558050542	0.766519428	0
0.729459955	0.717900016	0
0.215614349	0.463589297	0
0.745529227	0.796927905	0
0.098428298	0.579153262	1
0.308137817	0.743916717	0
0.0822819	0.590601294	1
0.78267965	0.832252946	0
0.159697944	0.471615237	0
0.798307722	0.76038381	0
0.443873867	0.660120192	0
0.759252104	0.749331714	0
0.616907928	0.716312577	0
0.377614603	0.666401805	0
0.138379809	0.556389327	1
0.091200907	0.60740804	1
0.159694476	0.563708962	1
0.120165453	0.53391519	1
0.710642176	0.847544789	0
0.75061484	0.362768383	1
0.129445118	0.505552489	1
0.085490693	0.563121112	1
0.742073318	0.377967789	1
0.037597494	0.589460396	1
0.702180303	0.343897932	1
0.742989341	0.41258376	1
0.712931172	0.340866737	1
0.044407158	0.601224924	1
0.03282105	0.579906135	1
0.673743156	0.359963229	1
0.719486554	0.351315885	1
0.742971969	0.752935725	0
0.090900695	0.571415078	1
0.721358976	0.347320385	1
0.744156858	0.812489328	0
0.079768372	0.602451339	1
0.740862001	0.699359539	0
0.722751723	0.695747608	0
0.670047172	0.793286226	0
0.689654782	0.366578429	1
0.358029189	0.436786434	1
0.686810001	0.39683976	1
0.678287618	0.419970503	1
0.741016229	0.402638618	1
0.133738856	0.602789464	1
0.143997719	0.481329882	1
0.663649842	0.721385161	0
0.253223046	0.475917712	1
0.093009484	0.569536176	1
0.437423828	0.512042978	1
0.346157004	0.530551397	1
0.088184793	0.541782545	1
0.74404682	0.30718938	1
0.586004326	0.270178038	1
0.097984259	0.550272458	1
0.803132836	0.645601422	0
0.263745178	0.468754756	1
0.157410439	0.471612138	1
0.087440352	0.577781865	1
0.26290903	0.468242382	1
0.771369043	0.783454165	0
0.131268146	0.557123402	1
0.759883218	0.790940518	0
0.655706486	0.796392004	0
0.723036275	0.81354	0
0.071010964	0.583128401	1
0.676153088	0.727974225	0
0.256581376	0.554194385	1
0.603070919	0.337783413	1
0.067865068	0.569187391	1
0.069183776	0.569099469	1
0.074139245	0.58992281	1
0.817093539	0.71907303	0
0.093575557	0.539608676	1
0.138894411	0.516408488	1
0.113929393	0.503063915	1
0.118595609	0.560509158	1
0.750796064	0.802386362	0
0.789288398	0.74236004	0
0.189363568	0.478969732	0
0.278637779	0.457204446	0
0.684845749	0.753928505	0
0.13339854	0.578338559	1
0.086598047	0.64420251	1
0.108077567	0.563605499	1
0.412671358	0.368342698	0
0.264658251	0.556734134	1
0.222840823	0.565311731	1
0.785918181	0.710833666	0
0.137776956	0.52823051	1
0.778222428	0.737098691	0
0.717129361	0.828169062	0
0.498710818	0.851889008	0
0.723519833	0.794100298	0
0.681060164	0.859363551	0
0.77488897	0.455518425	1
0.143454401	0.462393594	1
0.215108344	0.494991405	1
0.740144811	0.456373078	1
0.369223997	0.586530224	0
0.488856581	0.851661899	0
0.280661756	0.607850793	0
0.102190919	0.50292443	1
0.587890629	0.334460723	1
0.341497314	0.433179383	1
0.576894096	0.423973211	1
0.69456062	0.453370053	1
0.627644275	0.43644397	1
0.386013201	0.426858524	1
0.477677237	0.341595537	1
0.713425966	0.854062095	0
0.097697852	0.50648623	1
0.622675201	0.932595764	0
0.131463201	0.515941735	1
0.345256991	0.423153677	1
0.058982425	0.567440828	1
0.524491728	0.26365882	1
0.084689227	0.570225015	1
0.596020013	0.746274439	0
0.720947289	0.764843797	0
0.364743511	0.735209473	0
0.108755091	0.540561382	1
0.601171567	0.262306219	1
0.074512312	0.550890683	1
0.040937494	0.593976076	1
0.735340792	0.348664165	1
0.53080069	0.418755297	1
0.783089233	0.338458331	1
0.728986091	0.368259402	1
0.76843627	0.351246668	1
0.548784408	0.415212974	1
0.716350523	0.359210602	1
0.09916895	0.561980027	1
0.063180787	0.592877369	1
0.576047064	0.817278603	0
0.767432001	0.330962342	0
0.043974972	0.637874209	1
0.705415598	0.326917575	1
0.498456007	0.344420276	1
0.774793693	0.318469121	1
0.574049751	0.333862641	1
0.072045174	0.604308527	1
0.068496232	0.574028247	1
0.10722584	0.505939284	1
0.392994912	0.296103377	1
0.098836393	0.508694128	1
0.02980815	0.657327071	1
0.155933837	0.516810791	1
0.160460329	0.471860366	1
0.186337903	0.456342564	1
0.601466396	0.316694093	1
0.104566462	0.577476398	1
0.264858416	0.501256602	1
0.102034319	0.577657949	1
0.134314675	0.59736737	1
0.36460122	0.027592462	0
0.065950674	0.644699776	1
0.05598633	0.633668087	1
0.749188268	0.331237148	1
0.11956808	0.69023646	1
0.129693697	0.597216587	1
0.140543584	0.557529336	1
0.473082274	0.477872062	1
0.695283565	0.336150522	1
0.517510912	0.409049362	1
0.318177461	0.465973089	1
0.419260417	0.479872814	1
0.135387574	0.569912218	1
0.354302411	0.455293249	1
0.061832994	0.615067232	1
0.547465441	0.81061996	0
0.093850278	0.588321869	1
0.460593926	0.351411328	1
0.66642335	0.316611173	1
0.628382125	0.335209875	1
0.208997813	0.428603496	1
0.762331207	0.889654454	0
0.083627482	0.642411066	1
0.298832979	0.406030725	0
0.188146197	0.40924413	1
0.101634363	0.54457593	1
0.102723279	0.552406654	1
0.493491978	0.700124133	0
0.412984334	0.428903205	1
0.294186862	0.417839359	1
0.650744638	0.312988339	1
0.587807775	0.328645248	1
0.46842744	0.355801941	1
0.225354458	0.434312852	1
0.402406417	0.437286422	1
0.516197211	0.640781915	0
0.248460765	0.428448051	1
0.11807386	0.571164352	1
0.428579782	0.411458425	1
0.109737482	0.539095737	1
0.204505489	0.26035074	0
0.139045786	0.54965955	1
0.712772952	0.929039296	0
0.762446599	0.459558366	1
0.619685912	0.437806187	1
0.685913824	0.455117395	1
0.558770181	0.425132689	1
0.750044467	0.461221804	1
0.329433688	0.686263399	0
0.178390511	0.47083662	1
0.38057983	0.322746381	1
0.612398052	0.364710068	1
0.752063239	0.335718089	1
0.52900387	0.175847468	0
0.767709441	0.410782668	1
0.106564817	0.570479166	1
0.263015572	0.477065848	1
0.781316628	0.906070493	0
0.262872677	0.483570811	1
0.574356767	0.24636193	1
0.148433911	0.543784111	1
0.677640067	0.707497835	0
0.044030338	0.615663806	1
0.265242355	0.692918352	0
0.314377871	0.454720739	1
0.323189369	0.470206998	1
0.578973735	0.331567323	1
0.08652593	0.582659943	1
0.13098626	0.551038967	1
0.444714691	0.244846774	1
0.138680198	0.535184323	1
0.79963431	0.875607847	0
0.559919195	0.623570514	0
0.784404191	0.350956883	1
0.647722209	0.663274446	0
0.789828665	0.354097762	1
0.554205262	0.329762237	1
0.489874282	0.318108367	1
0.56810073	0.246361669	1
0.444715	0.247876824	1
0.51097632	0.895414766	0
0.208398264	0.502598244	1
0.117068028	0.577329547	1
0.160662157	0.532680126	1
0.138551452	0.568919272	1
0.674185567	0.655451995	0
0.098915004	0.56876176	1
0.171934799	0.557562714	1
0.087818795	0.578198642	1
0.139865579	0.555880415	1
0.034135851	0.64526706	1
0.32630524	0.421975452	1
0.07929889	0.601741862	1
0.760274176	0.385465576	1
0.173214905	0.548702739	1
0.753208169	0.32890231	1
0.257105332	0.472222946	1
0.154972804	0.536172998	1
0.049045777	0.618011947	1
0.349175515	0.504549127	0
0.142840145	0.57765991	1
0.208579521	0.516493933	1
0.181312203	0.538941527	1
0.758562079	0.382063727	1
0.733197281	0.384974614	1
0.187346275	0.512744536	0
0.762162387	0.396956044	1
0.181847381	0.587275031	1
0.05134255	0.622764704	1
0.097317551	0.62129897	1
0.745102748	0.378864838	1
0.098661258	0.586658575	1
0.145586942	0.578541787	1
0.166907932	0.553911076	1
0.523233395	0.420597683	1
0.165252398	0.50051052	1
0.176857986	0.53775092	1
0.152242766	0.563628111	1
0.762340356	0.614921752	0
0.039132506	0.615259279	1
0.103376437	0.589475569	1
0.154597471	0.583575532	1
0.781717749	0.401517984	1
0.287522519	0.673696633	0
0.107471115	0.611957702	1
0.146868178	0.57173814	1
0.16161643	0.572655772	1
0.075565777	0.612210415	1
0.292808766	0.464819412	1
0.165604986	0.572546086	1
0.426806666	0.740469179	0
0.575109523	0.946786422	0
0.064542812	0.585019853	1
0.231361073	0.480810537	1
0.147782127	0.563298424	1
0.721538713	0.328348553	1
0.167765936	0.561943421	1
0.600977714	0.415105698	1
0.587385579	0.215691629	1
0.72324162	0.710900771	0
0.102453875	0.560127499	1
0.151056794	0.504183852	1
0.022080851	0.666442957	1
0.753960054	0.304105037	1
0.46456998	0.216872126	1
0.188722329	0.473123679	1
0.588949741	0.214200557	1
0.464928787	0.213020061	1
0.023141676	0.672683028	1
0.082075308	0.596190528	1
0.102190163	0.55578355	1
0.159309475	0.516005182	1
0.181412445	0.547110532	1
0.650968383	0.71418018	0
0.088585128	0.59311861	1
0.736372965	0.329361264	1
0.318018994	0.450240456	1
0.193594259	0.554231811	1
0.716719638	0.331864357	1
0.379549214	0.806831932	0
0.221912391	0.482519402	1
0.770869654	0.725235117	0
0.144435186	0.548741306	1
0.724903981	0.791694354	0
0.224372084	0.536816637	0
0.393366801	0.548802015	1
0.228670096	0.539607661	1
0.802895055	0.745004082	0
0.405940044	0.379247284	1
0.778084195	0.364422897	1
0.080559929	0.628425016	1
0.097074211	0.598834415	1
0.143598826	0.535686103	0
0.175295941	0.490903297	0
0.371611868	0.417435055	1
0.734929886	0.508171261	1
0.789980163	0.526219245	1
0.415942907	0.46197939	1
0.463668245	0.475601021	1
0.434075883	0.468970693	1
0.398005489	0.425306667	1
0.278302844	0.562560398	1
0.76463775	0.7219273	0
0.366040511	0.764485455	0
0.206581629	0.457457376	1
0.106636819	0.530242149	1
0.645095431	0.76419522	0
0.832396516	0.756252898	0
0.144573485	0.531325497	1
0.709719777	0.79532816	0
0.141040423	0.515872397	1
0.158683658	0.56555517	1
0.135871326	0.554350203	1
0.676868429	0.799493776	0
0.267834206	0.442693753	1
0.76107388	0.75847537	0
0.115755292	0.556778357	1
0.217173788	0.531932229	1
0.254418739	0.640097221	1
0.122052256	0.588681624	1
0.101277631	0.48379017	1
0.153520795	0.606672413	1
0.184585003	0.53307139	1
0.64573047	0.740589459	0
0.63106424	0.795665904	0
0.713709785	0.690949308	0
0.096802144	0.592770946	1
0.099456925	0.537701364	1
0.779115612	0.801400884	0
0.749738111	0.806465867	0
0.772356362	0.754457804	0
0.75654588	0.744194116	0
0.184889147	0.513804098	1
0.564512566	0.765834912	0
0.780281762	0.821084097	0
0.104055674	0.513286181	1
0.765107091	0.280459077	0
0.111375782	0.551413949	1
0.133923812	0.514875451	1
0.105112612	0.595238386	1
0.102721718	0.548196774	1
0.088523437	0.537179935	1
0.711551102	0.735113042	0
0.737449354	0.712289935	0
0.573052835	0.788755576	0
0.103630286	0.51752625	1
0.120552059	0.502458346	1
0.600637294	0.779497036	0
0.513651843	0.876444049	0
0.779108713	0.807379902	0
0.642934711	0.774846307	0
0.047511906	0.578895903	1
0.767323605	0.771297626	0
0.8028562	0.772744504	0
0.083484938	0.581490584	1
0.625082559	0.834179216	0
0.128308688	0.494086134	1
0.762441992	0.733347856	0
0.347078236	0.445623615	1
0.138566821	0.562109158	1
0.088433475	0.588130871	1
0.118480392	0.525859563	1
0.741650734	0.8375366	0
0.365301001	0.464778461	1
0.135299898	0.509186057	1
0.766218552	0.704514469	0
0.598642556	0.775800498	0
0.146283773	0.527641398	1
0.589459013	0.270169479	0
0.187917948	0.500477664	1
0.621120123	0.371877032	0
0.692317289	0.675408038	0
0.089851075	0.648685294	1
0.241329212	0.445167761	1
0.120771749	0.571650375	1
0.094091582	0.557543362	1
0.752340671	0.763414047	0
0.175595004	0.505060906	1
0.445180176	0.89495571	0
0.759773561	0.813163219	0
0.730658496	0.77910756	0
0.100576288	0.525290792	1
0.544770545	0.936448569	0
0.09829555	0.591276778	1
0.043413704	0.512211859	1
0.099895966	0.521012926	1
0.093466747	0.542964934	1
0.756446438	0.818316174	0
0.082884497	0.534956853	1
0.158599636	0.557974059	1
0.803378809	0.646593613	0
0.625315702	0.711656001	0
0.147330069	0.477482958	1
0.566508248	0.246160391	0
0.238352774	0.439469868	1
0.105001488	0.502677171	1
0.052320277	0.597180289	1
0.705201162	0.408238183	0
0.069936202	0.539812395	1
0.733915994	0.755048959	0
0.759801493	0.814880768	0
0.784207396	0.780910001	0
0.564236772	0.880371856	0
0.246413353	0.442691271	1
0.522017496	0.373880335	0
0.101614724	0.500178653	1
0.250375376	0.46231813	1
0.68508562	0.789962442	0
0.781042353	0.779344384	0
0.33842116	0.4462285	1
0.162441171	0.509179379	1
0.165574544	0.490089925	1
0.784163769	0.29873785	0
0.232467843	0.465065252	1
0.236817831	0.465057124	1
0.084409016	0.633254638	1
0.069621603	0.621905516	1
0.73363572	0.786646396	0
0.141130003	0.510600542	1
0.155345453	0.555282586	1
0.560063967	0.283033481	0
0.183224391	0.542122216	1
0.176482254	0.541005903	1
0.771250755	0.692419687	0
0.74150309	0.747568049	0
0.807497602	0.803322409	0