0.711637373	0.611967635	0
0.661711684	0.580707787	0
0.778616979	0.31118002	1
0.764434959	0.322448834	1
0.626806712	0.366775874	1
0.179359716	0.446733308	1
0.647314607	0.528493562	0
0.159884706	0.462379914	1
0.028497287	0.724775397	1
0.723836125	0.62335049	0
0.511796111	0.402297019	1
0.489019833	0.393832292	1
0.648611012	0.619775287	0
0.759296071	0.333885981	1
0.627414735	0.434460745	1
0.964000903	0.423774473	1
0.366382502	0.469193495	1
0.270920491	0.585375064	1
0.506325295	0.426122799	1
0.74595714	0.279082311	1
0.710205748	0.365337243	1
0.526137461	0.252298612	1
0.284695016	0.532439723	1
0.437315502	0.48160413	1
0.595747042	0.557912328	0
0.223613806	0.54779841	1
0.632699774	0.707043571	0
0.645065317	0.719653945	0
0.354528729	0.538502343	0
0.331407417	0.417789867	1
0.372173237	0.466190389	1
0.345489974	0.587113536	1
0.712138745	0.760705128	0
0.361171601	0.625792603	1
0.292001473	0.391083287	1
0.70941052	0.581836372	0
0.186340517	0.53035271	1
0.136877914	0.506880496	1
0.443706401	0.611940893	0
0.541871778	0.417872923	1
0.421196046	0.493664845	1
0.202666386	0.537367209	1
0.465902362	0.397473543	1
0.734828043	0.463077825	1
0.295825475	0.504880361	1
0.665254213	0.439587401	1
0.558027736	0.473804133	1
0.570239217	0.480999353	1
0.456988278	0.937965983	0
0.482228167	0.303138141	1
0.162864416	0.572598744	1
0.518228915	0.374412446	1
0.486833292	0.313531603	1
0.752608306	0.539587009	0
0.265034314	0.510287133	1
0.334082757	0.525385098	0
0.781041926	0.494036753	1
0.353888555	0.4376087	1
0.703323719	0.725756854	0
0.457640086	0.457465748	1
0.554612954	0.51917289	0
0.442644652	0.50672911	1
0.62406703	0.561182301	0
0.363152194	0.444140859	1
0.671814309	0.587588372	0
0.704660454	0.744649084	0
0.774278331	0.600144768	0
0.786518802	0.44901635	1
0.163279804	0.572826671	1
0.666086854	0.802155231	0
0.684092783	0.558971371	0
0.182623406	0.528689533	1
0.331870544	0.4682004	1
0.614329436	0.582161034	0
0.512143103	0.794159139	0
0.720456852	0.359107981	1
0.564299047	0.530827365	0
0.717277754	0.362528224	1
0.756185366	0.588435328	0
0.20091086	0.568577584	1
0.078141388	0.609484886	1
0.717732731	0.708744238	0
0.719170422	0.574004911	0
0.674090876	0.406302198	1
0.684735453	0.626548166	0
0.63878423	0.428732711	1
0.485269574	0.626166872	0
0.243582216	0.510697994	1
0.709072553	0.767860883	0
0.479629726	0.392114275	1
0.785186346	0.617645153	0
0.748681249	0.397403666	1
0.761316979	0.610351926	0
0.203994383	0.697755693	0
0.315983177	0.507777386	1
0.63858737	0.568205862	0
0.464381672	0.538940857	0
0.195919384	0.518434028	1
0.646198852	0.635836113	0
0.734932823	0.597935049	0
0.391367982	0.568080849	1
0.379174388	0.451516051	1
0.696841907	0.584169647	0
0.776277603	0.582552382	0
0.683489439	0.678305693	0
0.726029773	0.567008947	0
0.59890039	0.549891465	0
0.781854972	0.626859226	0
0.426321731	0.490684733	1
0.433326144	0.599853958	0
0.757317244	0.590348397	0
0.182888224	0.543915899	1
0.792738334	0.803109933	0
0.126399509	0.816644046	0
0.663656749	0.629015638	0
0.634498503	0.763900425	0
0.529473516	0.628053947	0
0.682038313	0.567675925	0
0.706040324	0.385186711	0
0.215888058	0.567364358	1
0.709842607	0.64170252	0
0.178793067	0.560500691	1
0.271789699	0.618241493	0
0.737270255	0.709115268	0
0.173832903	0.577886823	1
0.787536012	0.617072157	0
0.757807395	0.785356457	0
0.711589651	0.389407714	0
0.33780884	0.487058968	1
0.202941258	0.492588556	1
0.487242822	0.526133302	1
0.216738921	0.515591326	1
0.634998274	0.664874613	0
0.66872595	0.52912278	0
0.64654333	0.552309908	0
0.713841322	0.392400842	0
0.718124764	0.398239929	0
0.763232453	0.593858077	0
0.724982169	0.466177459	0
0.785307636	0.625663684	0
0.767588115	0.587347035	0
0.277281928	0.467742459	1
0.702601986	0.684220106	0
0.418197574	0.512901691	1
0.711652134	0.572437597	0
0.713278027	0.576911995	0
0.559153146	0.793106072	0
0.720445624	0.450522338	1
0.557167895	0.686931942	0
0.731740705	0.589808753	0
0.111286271	0.616261439	1
0.659134837	0.627811666	0
0.113934231	0.617770749	1
0.755820437	0.590556459	0
0.73635923	0.58427654	0
0.449011376	0.502785554	0
0.471200444	0.528168677	0
0.491975233	0.538616323	0
0.74695459	0.409334003	1
0.760804494	0.532612724	0
0.694319072	0.566950574	0
0.754049472	0.584553606	0
0.730644566	0.404952665	1
0.764665141	0.64328909	0
0.707208276	0.572533797	0
0.716273185	0.611669502	0
0.64617173	0.710793728	0
0.598205041	0.654194434	0
0.729048078	0.40256614	1
0.68798316	0.56692966	0
0.761611478	0.407445905	1
0.785334956	0.621873357	0
0.751094496	0.604108409	0
0.543309254	0.536514645	0
0.425666465	0.537417933	1
0.75381374	0.670724646	0
0.769437142	0.598315225	0
0.712129758	0.574690139	0
0.764014086	0.571391943	0
0.689232816	0.5775958	0
0.668040326	0.642846844	0
0.741205523	0.586513213	0
0.790318134	0.570254508	0
0.738513787	0.594278257	0
0.580569269	0.651103302	0
0.734833145	0.502059617	0
0.478639361	0.588097514	0
0.453986051	0.505580542	0
0.683884049	0.573190334	0
0.230532697	0.519409831	1
0.394105298	0.785435515	0
0.696415081	0.57024997	0
0.622521875	0.655397387	0
0.693028633	0.584781057	0
0.651993296	0.634278483	0
0.224942356	0.538171885	1
0.644679248	0.775692986	0
0.230630299	0.546040076	1
0.289549781	0.570052818	1
0.658964722	0.806437904	0
0.761823658	0.59286895	0
0.697010727	0.570160006	0
0.098913477	0.637794908	1
0.682755067	0.704343289	0
0.582542399	0.616078519	0
0.777251241	0.624621018	0
0.623347794	0.692794523	0
0.651780513	0.818229186	0
0.758009381	0.607251144	0
0.785328577	0.56835654	0
0.622809767	0.643396897	0
0.310487396	0.520810899	1
0.537119882	0.605165896	0
0.6825113	0.546813328	0
0.69710384	0.706344368	0
0.694670741	0.576152106	0
0.340483117	0.526355273	1
0.732822699	0.538752905	0
0.757963171	0.555977919	0
0.516690547	0.601627205	0
0.739609383	0.593022072	0
0.706614313	0.565610023	0
0.637777308	0.744501291	0
0.772896913	0.389913204	0
0.448138797	0.511232044	0
0.373788776	0.552997365	1
0.785277984	0.793946969	0
0.756190348	0.552395802	0
0.718301491	0.583918764	0
0.469561833	0.68389015	0
0.73304548	0.618804258	0
0.348383345	0.785510992	0
0.673680958	0.571035496	0
0.679100126	0.551898234	0
0.539089064	0.565138628	0
0.413980947	0.682077842	0
0.633198571	0.560763779	0
0.625183182	0.644382615	0
0.492250666	0.680401137	0
0.595514066	0.646002204	0
0.71578573	0.616218179	0
0.755843939	0.555306398	0
0.788598908	0.606140752	0
0.329579491	0.620991499	0
0.272613372	0.605883039	0
0.344713429	0.51492245	1
0.282759534	0.503107633	1
0.64450694	0.63742965	0
0.476607504	0.586969615	0
0.657459321	0.599414609	0
0.754756082	0.553903516	0
0.599160132	0.635243193	0
0.306893591	0.531565902	1
0.701223996	0.48689524	1
0.535121352	0.600705267	0
0.739456852	0.58622525	0
0.710645392	0.519672085	0
0.806737233	0.440663431	0
0.483966948	0.779303981	0
0.593038746	0.582145207	0
0.79352042	0.651857974	0
0.335631171	0.898044145	0
0.781967517	0.578875998	0
0.52586029	0.598326527	0
0.59168528	0.58079021	0
0.750175016	0.56952772	0
0.433463767	0.51690187	1
0.536725769	0.627955456	0
0.686973202	0.814181841	0
0.493391208	0.590671429	0
0.678953992	0.542551624	0
0.62535544	0.632747882	0
0.664520498	0.538808192	0
0.653790917	0.636901573	0
0.633803083	0.618438884	0
0.570472023	0.618283886	0
0.673674668	0.527796591	0
0.780668494	0.591691251	0
0.758984584	0.576042567	0
0.780987839	0.582124068	0
0.672973353	0.516531798	0
0.740044057	0.611342636	0
0.686995351	0.547058656	0
0.765613571	0.554073404	0
0.7394271	0.703128505	0
0.509339217	0.598712317	0
0.586918263	0.51774334	0
0.738006666	0.548022979	0
0.486805044	0.404012911	0
0.710682359	0.531449783	0
0.688612718	0.53655642	0
0.777534312	0.494753085	0
0.714638271	0.5736357	0
0.698353129	0.528846248	0
0.315262173	0.528170826	1
0.721106659	0.614362389	0
0.110860106	0.480708817	0
0.251297017	0.503827248	1
0.643882803	0.634633935	0
0.66864374	0.690886069	0
0.702618912	0.633036114	0
0.770026939	0.582373235	0
0.5746441	0.711942165	0
0.683884816	0.7090449	0
0.690380056	0.562586764	0
0.693710488	0.54182392	0
0.785347498	0.582085138	0
0.542846708	0.693254914	0
0.733938051	0.656676499	0
0.748855735	0.563998758	0
0.549489468	0.647863785	0
0.434398592	0.617865344	0
0.312089674	0.583194025	0
0.171373657	0.575225636	1
0.600865313	0.714880473	0
0.744920477	0.566227034	0
0.716982529	0.536135965	0
0.180572305	0.578892924	1
0.719519174	0.526547475	0
0.638665534	0.512548113	0
0.468580883	0.478773346	0
0.642293237	0.689857849	0
0.482868923	0.512569637	0
0.513474077	0.473885107	1
0.160881524	0.58706204	1
0.71496596	0.522618207	0
0.711112655	0.786604653	0
0.706398892	0.760818825	0
0.466879511	0.477509038	0
0.337450453	0.56149922	1
0.73413245	0.563331986	0
0.546826881	0.529391427	0
0.776963837	0.553517473	0
0.645499925	0.810484613	0
0.756270015	0.607564425	0
0.784245191	0.577507077	0
0.711970861	0.635545749	0
0.384666554	0.736948816	0
0.639515153	0.630601652	0
0.725127147	0.535619327	0
0.655136279	0.51734483	0
0.614114697	0.794703187	0
0.726562531	0.514838311	0
0.32632099	0.482715778	1
0.758269539	0.501673943	0
0.766268729	0.559770074	0
0.423270481	0.517706229	1
0.820158077	0.654372609	0
0.746588928	0.583828445	0
0.766111542	0.549442226	0
0.504602584	0.65366646	0
0.506028542	0.529637709	0
0.737312844	0.647563248	0
0.675575984	0.556517162	0
0.548524727	0.658994134	0
0.673175427	0.684696822	0
0.236236434	0.554894273	0
0.753975872	0.541399801	0
0.616438429	0.689054015	0
0.545572199	0.660576009	0
0.576411534	0.454251692	0
0.713695907	0.51569329	0
0.550416882	0.648866437	0
0.752401312	0.592132468	0
0.780832555	0.60481007	0
0.141314155	0.701920838	0
0.724020775	0.650415376	0
0.070351926	0.629956725	1
0.683656241	0.558987672	0
0.752601832	0.601791587	0
0.680769118	0.570478089	0
0.70525122	0.752421437	0
0.528390854	0.493973768	0
0.787910932	0.710395071	0
0.708130914	0.64857706	0
0.593386189	0.556585324	0
0.421949486	0.542448825	1
0.687466753	0.621958871	0
0.610334202	0.492161811	0
0.522696594	0.343234394	0
0.779955783	0.587381912	0
0.212152576	0.305333142	1
0.787294654	0.648401383	0
0.65056857	0.682644311	0
0.256526608	0.418136721	1
0.418819245	0.7117731	0
0.469808538	0.748327813	0
0.709589454	0.375557687	1
0.603354716	0.745141494	0
0.527602353	0.536995695	0
0.227830208	0.5484245	1
0.768940743	0.822001732	0
0.244807602	0.551721081	1
0.34145323	0.462830128	1
0.266285565	0.435503083	1
0.738764628	0.673929193	0
0.606626992	0.747595204	0
0.10347633	0.624404586	1
0.695444287	0.847184603	0
0.071319578	0.648435425	1
0.651047052	0.694124502	0
0.255656799	0.489738194	1
0.301316878	0.923028017	0
0.53498241	0.5727949	0
0.644524104	0.618787677	0
0.784678527	0.514778226	0
0.657067256	0.625132174	0
0.620140257	0.691412012	0
0.593467413	0.608120866	0
0.707859433	0.708994958	0
0.685035149	0.596041159	0
0.635673066	0.796499461	0
0.180443353	0.528547973	1
0.560882443	0.480155245	1
0.601554641	0.607850634	0
0.250778984	0.526414461	1
0.410150266	0.856853548	0
0.633412589	0.724722448	0
0.600079827	0.63507724	0
0.398677289	0.670340463	0
0.118603118	0.596117346	1
0.710768247	0.649826602	0
0.429621949	0.333232552	1
0.250372152	0.522705979	1
0.588309306	0.745227423	0
0.728357282	0.385197823	1
0.14941408	0.526202685	1
0.651510566	0.634509096	0
0.761187417	0.433971575	1
0.755671555	0.390736667	1
0.594099155	0.406360201	1
0.530855597	0.646044891	0
0.52572551	0.595350545	0
0.480595143	0.472961278	1
0.439111773	0.772732009	0
0.501267705	0.607164962	0
0.347124646	0.527137567	1
0.230476465	0.818627343	0
0.742188016	0.622726264	0
0.40895492	0.499300917	1
0.782471902	0.459400057	1
0.761603299	0.62363338	0
0.513931293	0.575632584	0
0.783929955	0.632876177	0
0.74474227	0.643116721	0
0.676131739	0.653747281	0
0.659748692	0.406356788	1
0.660955489	0.598367931	0
0.784053243	0.63124134	0
0.611205721	0.586626135	0
0.318223993	0.52934799	1
0.621437227	0.626675559	0
0.792854754	0.488309759	0
0.640973306	0.551421655	0
0.784524085	0.619090963	0
0.262860611	0.531839497	1
0.76000167	0.569499177	0
0.409508359	0.485407048	1
0.678581297	0.644079537	0
0.781432065	0.485949695	0
0.405937076	0.612349946	0
0.759894813	0.727027308	0
0.759410283	0.565558216	0
0.769175853	0.648160225	0
0.3551391	0.484108532	1
0.544524689	0.448194291	0
0.479041657	0.758782558	0
0.740447523	0.633670868	0
0.576744883	0.659867141	0
0.725760303	0.5016095	0
0.412494393	0.614345353	0
0.488891393	0.46513407	1
0.689107791	0.632042119	0
0.722526552	0.697598122	0
0.673263441	0.695320662	0
0.47700248	0.46996783	1
0.595640598	0.583219043	0
0.268870414	0.525784486	1
0.7846887	0.542007085	0
0.492414922	0.639529994	0
0.762111007	0.610150614	0
0.751830859	0.66376714	0
0.784902328	0.361934946	1
0.741787457	0.797145262	0
0.590006753	0.8540032	0
0.767846532	0.52428573	0
0.656019201	0.807129357	0
0.747006139	0.664282144	0
0.690880325	0.512611666	0
0.444215761	0.654367906	0
0.761893283	0.610637458	0
0.428867274	0.766234234	0
0.773073801	0.703184871	0
0.321212813	0.860269886	0
0.16034333	0.588302721	1
0.776348111	0.552689538	0
0.565945461	0.73844765	0
0.281740861	0.547739725	1
0.237420316	0.591732087	1
0.343054488	0.491132494	1
0.72374255	0.671350229	0
0.618266534	0.512954242	1
0.737349594	0.629711859	0
0.749066654	0.536858038	0
0.319661382	0.509923097	0
0.688459796	0.81576139	0
0.723992102	0.688654186	0
0.735827608	0.647196425	0
0.752360934	0.352246504	1
0.733572716	0.626935488	0
0.738811835	0.356104773	1
0.717616714	0.502525276	0
0.68582793	0.609107157	0
0.584013673	0.599277424	0
0.418264662	0.520983874	0
0.55420099	0.564546686	0
0.435578863	0.832546239	0
0.658216315	0.522484328	0
0.45253202	0.500813532	0
0.719728885	0.34435258	1
0.349209666	0.568073808	1
0.380804134	0.49070401	1
0.625039819	0.70610115	0
0.66793681	0.445422181	1
0.264341635	0.57210988	1
0.334027605	0.510470994	1
0.746703029	0.603160767	0
0.656027304	0.440255838	1
0.575192121	0.695948527	0
0.784624868	0.538558285	0
0.35234138	0.567056805	1
0.317154902	0.301427995	1
0.420078644	0.698029085	0
0.482343303	0.726286739	0
0.770974501	0.564842066	0
0.69143032	0.697394742	0
0.31166361	0.543288471	1
0.585124732	0.747815475	0
0.778302887	0.520007787	0
0.787408346	0.401964486	1
0.17600051	0.585383476	1
0.174968034	0.594258254	1
0.459019273	0.242207192	1
0.766257452	0.403627544	1
0.57732843	0.720220917	0
0.694299181	0.431271055	1
0.731218046	0.67051529	0
0.294322148	0.455181458	1
0.276756833	0.637507265	0
0.207543267	0.61471091	1
0.764571151	0.559941734	0
0.348791496	0.45598258	1
0.666320878	0.424562692	1
0.704093725	0.494182978	0
0.675090186	0.55174322	0
0.306249685	0.514010655	1
0.139967958	0.617428182	1
0.604141759	0.451343422	0
0.17691046	0.596802972	1
0.77112001	0.397471674	1
0.708414584	0.61710005	0
0.209503345	0.559017731	1
0.777674813	0.377291869	1
0.395863517	0.497638409	1
0.61291649	0.452007861	1
0.68823415	0.512425202	0
0.183673859	0.503725084	1
0.19771322	0.613832994	1
0.382366604	0.824475308	0
0.571534079	0.370579919	1
0.529303106	0.518582299	1
0.253700928	0.585171613	1
0.607398875	0.374856892	1
0.31563589	0.485123385	1
0.780231667	0.559089549	0
0.293140501	0.49917308	1
0.668674454	0.766693161	0
0.144416449	0.585755291	1
0.631030294	0.405327517	1
0.760269611	0.555168699	0
0.498990327	0.331461111	1
0.221684388	0.550631694	1
0.34694948	0.4759577	1
0.264256413	0.382757892	1
0.804192577	0.409038881	0
0.671393957	0.758371407	0
0.598862556	0.452819476	0
0.572502303	0.680042957	0
0.785105554	0.640542082	0
0.739900243	0.612929165	0
0.362946657	0.436874769	1
0.581981667	0.339343911	1
0.44818647	0.494915924	0
0.27087143	0.509866999	1
0.267007219	0.48865473	1
0.404869052	0.754573956	0
0.596833939	0.829358475	0
0.171521483	0.590986419	1
0.597241653	0.542406507	0
0.751184455	0.825453653	0
0.19958822	0.505889773	1
0.247095637	0.564072252	1
0.217192911	0.570742349	1
0.719992738	0.661675402	0
0.613125535	0.603518409	0
0.581760564	0.610422413	0
0.778726062	0.651950735	0
0.549313146	0.718221056	0
0.710630833	0.590673454	0
0.677729237	0.78978921	0
0.671463063	0.573249573	0
0.78211296	0.678885963	0
0.59288099	0.604675538	0
0.419329679	0.470267383	1
0.539267087	0.716199876	0
0.714166334	0.540934335	0
0.292163393	0.549833123	1
0.750817458	0.849963058	0
0.778818629	0.640710884	0
0.153334946	0.877294371	0
0.714703213	0.633515097	0
0.669423289	0.604583313	0
0.553545887	0.721354906	0
0.771240975	0.647289082	0
0.784164706	0.580491531	0
0.768126744	0.653132769	0
0.250380006	0.533944925	1
0.462577945	0.477407941	1
0.775450396	0.530224008	0
0.388455443	0.579416127	0
0.670618787	0.536761895	0
0.78322293	0.691021407	0
0.778541197	0.633991348	0
0.775996324	0.533210117	0
0.606174134	0.733238433	0
0.658315577	0.682940469	0
0.149552266	0.602734901	1
0.279603754	0.545082426	1
0.656357598	0.649328154	0
0.787415486	0.577926633	0
0.760085788	0.580932598	0
0.153450865	0.606850643	1
0.657325322	0.764250508	0
0.784716471	0.578942274	0
0.533231176	0.714537614	0
0.441333606	0.65325289	0
0.78712629	0.674298045	0
0.77648577	0.6328987	0
0.698596774	0.435710199	1
0.779802294	0.653195945	0
0.508707682	0.583799587	0
0.735424612	0.553811104	0
0.654051405	0.682929898	0
0.286071736	0.408942807	1
0.127473307	0.564456551	1
0.765131674	0.618825155	0
0.093079192	0.671494057	1
0.783692091	0.651230341	0
0.743182037	0.554885866	0
0.481619923	0.650019359	0
0.783334927	0.654858175	0
0.62799086	0.668386618	0
0.407480956	0.558729805	0
0.754384448	0.62761267	0
0.745161201	0.720062421	0
0.782382814	0.596991465	0
0.784848937	0.578510271	0
0.770021038	0.523798347	0
0.562227366	0.655167316	0
0.36234734	0.456544537	1
0.564914533	0.72378472	0
0.719363303	0.609859699	0
0.172686602	0.584202858	1
0.690303339	0.601665802	0
0.327423614	0.570155516	1
0.786602913	0.759411673	0
0.600547514	0.701236043	0
0.634309295	0.555381587	0
0.547212031	0.475697001	1
0.771015689	0.632914991	0
0.421545777	0.534348995	0
0.584902472	0.653831063	0
0.457639693	0.548734914	0
0.777327866	0.639092304	0
0.577948876	0.448729404	0
0.382544009	0.457633022	1
0.725347677	0.819637622	0
0.305788764	0.575453995	1
0.618327294	0.410847767	0
0.777435561	0.816438307	0
0.588844867	0.426995009	0
0.626741851	0.561279088	0
0.135970304	0.604411351	1
0.217128784	0.545829737	1
0.141446902	0.745054783	1
0.494051215	0.688445257	0
0.551738472	0.529340981	0
0.764020739	0.600365144	0
0.552491255	0.778165889	0
0.792079656	0.580761017	0
0.759201241	0.346894384	1
0.702429399	0.760995976	0
0.11702027	0.630747147	1
0.691631787	0.629293877	0
0.557946358	0.287061309	1
0.116510779	0.599878395	1
0.786582117	0.578996989	0
0.756460529	0.449977502	1
0.71617442	0.700101033	0
0.543132376	0.559164377	0
0.418616397	0.73047552	0
0.607550414	0.625136944	0
0.547248086	0.795534386	0
0.263354284	0.432651792	1
0.280690451	0.633739092	1
0.158474653	0.552492645	1
0.740704607	0.707545077	0
0.568947475	0.65152951	0
0.5194949	0.558196747	1
0.755810161	0.461599271	1
0.588103257	0.488320679	0
0.742003646	0.533697633	0
0.570746236	0.62847205	0
0.81683217	0.442826193	1
0.575460432	0.471527989	0
0.575318249	0.657817789	0
0.112056216	0.592729297	1
0.108152177	0.609894475	1
0.221234154	0.610504394	1
0.675854696	0.594223053	0
0.776080797	0.438429678	1
0.535945651	0.569495091	1
0.647584717	0.623745403	0
0.76321481	0.440779495	0
0.77072643	0.43561245	0
0.734825184	0.771784333	0
0.702700603	0.776452237	0
0.762386866	0.460151985	1
0.633576012	0.575324921	0
0.774595376	0.632791052	0
0.184627731	0.590129823	0
0.532871777	0.455384239	1
0.719640695	0.52517431	0
0.391997165	0.773226641	0
0.461338179	0.496692998	1
0.748240866	0.674272437	0
0.763069269	0.625432063	0
0.522983564	0.642081624	0
0.695406585	0.648179446	0
0.46703648	0.551585619	1
0.740339654	0.595974724	0
0.78106008	0.438126828	1
0.752422689	0.67368685	0
0.579623309	0.607356861	0
0.645867832	0.760349237	0
0.551586213	0.649853697	0
0.49905967	0.619239352	0
0.545665686	0.728887714	0
0.502423303	0.502171672	1
0.621387726	0.571569806	0
0.749010467	0.779460603	0
0.333033624	0.703290481	0
0.557703511	0.648611902	0
0.427881983	0.69868641	0
0.557963543	0.618758827	0
0.446176697	0.50196485	1
0.510814487	0.48140139	1
0.72789874	0.6525507	0
0.700072548	0.537548323	0
0.748245728	0.790909374	0
0.780168313	0.503384164	0
0.537063405	0.734119182	0
0.203663771	0.631088102	0
0.689785456	0.646301821	0
0.739843342	0.706311433	0
0.516311187	0.611685869	0
0.73560082	0.641964928	0
0.749219581	0.319022743	0
0.635190134	0.641088143	0
0.630198107	0.520632097	1
0.474084516	0.419979613	0
0.185639943	0.596952204	0
0.53807008	0.645975916	0
0.651113989	0.617770302	0
0.686514526	0.641414143	0
0.654109841	0.846234372	0
0.679780885	0.636105296	0
0.626760929	0.63954768	0
0.457464384	0.673489626	0
0.484206959	0.795947168	0
0.694269746	0.436915386	0
0.365349443	0.557078713	1
0.429550545	0.519891468	0
0.77031826	0.573582316	0
0.60033828	0.580910625	0
0.594530979	0.694025079	0
0.717994103	0.618065981	0
0.723183473	0.70477839	0
0.547330787	0.49272429	0
0.350709162	0.830725717	0
0.270538346	0.843989154	0
0.107850587	0.595507956	1
0.41347498	0.431019714	1
0.304536605	0.464880649	1
0.277559377	0.479974391	1
0.721962235	0.369428275	1
0.209479071	0.562569299	1
0.657630128	0.55203292	0
0.509071688	0.693191504	0
0.18261043	0.581593735	1
0.701542166	0.666566068	0
0.74657607	0.367382434	1
0.073846172	0.647126397	1
0.696031937	0.680862419	0
0.551573192	0.463714874	1
0.518440056	0.41008411	1
0.619473996	0.414871978	1
0.292209838	0.611501727	1
0.738558184	0.561108898	0
0.388451488	0.855030575	0
0.113154191	0.685435601	1
0.384279443	0.542988521	1
0.585406775	0.35508927	0
0.592134346	0.399582264	1
0.071388479	0.648557529	1
0.627812813	0.754581724	0
0.233340962	0.584549254	1
0.770751775	0.526583692	0
0.454983344	0.495463355	1
0.552432809	0.707671856	0
0.226928547	0.861093001	0
0.762341927	0.798193964	0
0.218870996	0.627268118	1
0.508915002	0.641251971	0
0.129857635	0.69400138	1
0.208076728	0.623219735	1
0.279797109	0.358636649	1
0.400658958	0.763759285	0
0.709723183	0.704052431	0
0.283075477	0.767028337	0
0.177381654	0.597929361	1
0.61361862	0.683424317	0
0.473314229	0.687287744	0
0.409043454	1	0
0.264639004	0.555849409	1
0.581052219	0.41757367	0
0.784841238	0.374242343	1
0.523269407	0.501248293	1
0.140324727	0.582689397	1
0.328588346	0.480230488	0
0.461304656	0.796284759	0
0.627146015	0.460005632	1
0.777104316	0.391783636	1
0.745128243	0.414600861	1
0.114267008	0.621174392	1
0.328747465	0.409354207	0
0.645425096	0.581867195	0
0.701914244	0.644917508	0
0.747971059	0.722960177	0
0.7737038	0.429874164	1
0.687120207	0.517810489	0
0.472603712	0.502057129	1
0.75225574	0.629263634	0
0.460010777	0.656462311	0
0.586348179	0.645512058	0
0.235581715	0.525716103	1
0.269818433	0.518414277	1
0.68387125	0.579810431	0
0.702789413	0.408385884	1
0.471348182	0.651462331	0
0.766035764	0.507796423	0
0.823006812	0.469414254	0
0.407011223	0.517692102	1
0.747917165	0.647191932	0
0.653911042	0.49395097	1
0.364656531	0.796048605	0
0.703929411	0.558218746	0
0.589243272	0.803278322	0
0.204577362	0.593231705	1
0.351552005	0.540150917	1
0.518325825	0.483676808	1
0.308059571	0.511476402	1
0.684601717	0.71996001	0
0.51979063	0.671163353	0
0.60755095	0.575040733	0
0.814271103	0.45128155	1
0.820707422	0.448387259	1
0.105087271	0.662423337	1
0.433122222	0.891167129	0
0.759684013	0.435775346	1
0.530113459	0.504551574	0
0.759474065	0.429581712	1
0.370842939	0.535898221	1
0.226467098	0.580846196	1
0.693992217	0.710740112	0
0.720400731	0.793397688	0
0.409820293	0.496558203	1
0.786594043	0.620879953	0
0.432469382	0.667014209	0
0.378903403	0.780012285	0
0.81505454	0.454889116	1
0.742895619	0.583846572	0
0.75643508	0.776787263	0
0.571532754	0.595689903	0
0.331868324	0.593440011	0
0.655826807	0.760909701	0
0.816080812	0.454869615	1
0.690236552	0.591462342	0
0.762386907	0.808396983	0
0.554291122	0.370268195	0
0.434109959	0.491464284	1
0.787234943	0.591191525	0
0.666196659	0.718066493	0
0.714194846	0.686536623	0
0.717910503	0.366234032	0
0.130615794	0.572951862	1
0.675768992	0.569375465	0
0.700661433	0.459763185	0
0.407592883	0.534937016	1
0.560458027	0.697442985	0
0.70511242	0.675125324	0
0.614647825	0.556183209	0
0.439814024	0.530717816	0
0.413419418	0.704826795	0
0.51533664	0.640076522	0
0.375664998	0.649345033	0
0.331042795	0.745275525	0
0.748367863	0.784074806	0
0.733438197	0.531526467	0
0.074877027	0.322190628	1
0.304445988	0.86833237	0
0.394542839	0.45721645	0
0.467925375	0.546609492	0
0.559540931	0.183054993	1
0.341040867	0.787544176	0
0.448879303	0.51689464	1
0.784278963	0.587912067	0
0.725985645	0.357634534	1
0.329431653	0.568141279	1
0.737500246	0.734980462	0
0.658772003	0.681566484	0
0.349530043	0.664971974	0
0.343614682	0.572951011	0
0.768082904	0.568820564	0
0.421422381	0.657935485	0
0.764575901	0.687822081	0
0.34181216	0.776107956	0
0.60169635	0.70905368	0
0.774418527	0.529780888	0
0.59595968	0.678725755	0
0.588943528	0.616612748	0
0.392915291	0.561034226	1
0.603457735	0.60286054	0
0.702255322	0.648202766	0
0.655277135	0.633659765	0
0.615572062	0.643667974	0
0.658877671	0.634531645	0
0.656575404	0.633704398	0
0.783500389	0.694096563	0
0.733405911	0.65877436	0
0.675014463	0.633735527	0
0.624218923	0.706513942	0
0.562189147	0.7766967	0
0.513273085	0.660441812	0
0.746195711	0.4522441	1
0.125976606	0.623926643	1
0.302066033	0.561798904	1
0.632898733	0.681983778	0
0.231080726	0.628510685	1
0.146481811	0.572367203	1
0.766382203	0.757538075	0
0.682650053	0.691604089	0
0.735109936	0.466515035	1
0.707393727	0.684963426	0
0.2202546	0.763617521	0
0.761506114	0.362081935	1
0.481279373	0.454856637	0
0.674449113	0.526735145	0
0.438290201	0.515853022	0
0.438176611	0.60172291	0
0.800124198	0.705679538	0
0.367614992	0.537565599	1
0.238827093	0.551827342	1
0.101635214	0.659213398	1
0.726590367	0.436571128	1
0.635519247	0.794796132	0
0.782669089	0.349694107	1
0.225325464	0.517463906	1
0.677713609	0.810949587	0
0.707029519	0.659568108	0
0.444564216	0.520658323	1
0.705506506	0.652739811	0
0.737933024	0.443770878	1
0.241180823	0.747979136	0
0.309662128	0.612580641	1
0.751131152	0.886618633	0
0.732508269	0.793428595	0
0.660880591	0.674421042	0
0.108831066	0.664606007	1
0.276942481	0.594875825	0
0.717909259	0.701111146	0
0.416883003	0.772641717	0
0.315961527	0.484237518	1
0.674813995	0.555109505	0
0.645987419	0.561005563	0
0.508017397	0.505202756	0
0.288163567	0.591212735	1
0.620413728	0.617938145	0
0.570458122	0.56534505	0
0.350425171	0.824956137	0
0.463363745	0.497603918	1
0.784833656	0.503562669	0
0.651101728	0.549358814	0
0.67083417	0.457025844	0
0.159073403	0.777814596	1
0.885261504	0.751452064	0
0.223514394	0.680717537	1
0.184945777	0.665975674	1
0.226846578	0.685309377	1
0.246603437	0.772126097	1
0.382285616	0.455742682	1
0.783154078	0.551074261	0
0.507415915	0.721645934	0
0.498018201	0.649913882	0
0.604888427	0.557543771	0
0.541139459	0.549703421	0
0.271632807	0.811661684	0
0.36536906	0.849948394	0
0.096426907	0.652370578	1
0.106133452	0.656281527	1
0.421981003	0.786860798	0
0.619577631	0.782490837	0
0.80219733	0.522099848	0
0.122339869	0.679850006	1
0.744436892	0.474443788	1
0.773451301	0.450851293	1
0.742513398	0.476312758	1
0.603805815	0.671594492	0
0.60729005	0.590004961	0
0.405343737	0.516410032	1
0.149188808	0.682881901	1
0.222115977	0.616597076	1
0.73298243	0.396364064	1
0.701202434	0.463457795	0
0.048748068	0.670477121	1
0.080157457	0.632056556	1
0.101155794	0.617694866	1
0.574866701	0.404171804	1
0.582393669	0.399548897	1
0.126913569	0.679813813	1
0.255131322	0.606802034	1
0.768236596	0.458800012	0
0.660052095	0.614925444	0
0.722663367	0.468581259	1
0.563823391	0.546793009	0
0.390821054	0.663357934	0
0.496822038	0.689550965	0
0.585324523	0.517269995	1
0.735060866	0.459285421	0
0.74711983	0.497006348	0
0.44271429	0.652771439	0
0.351009459	0.46277304	0
0.53039885	0.516831001	1
0.511686758	0.687873447	0
0.486257285	0.484899494	1
0.423086607	0.48206318	0
0.592571546	0.727903588	0
0.683324842	0.690986319	0
0.270986264	0.735579625	0
0.378295687	0.532578324	1
0.172796041	0.774090671	0
0.315605359	0.721455431	0
0.448992787	0.492743362	1
0.239397617	0.564122477	1
0.554556449	0.527741478	0
0.740971205	0.458584945	0
0.632522884	0.784403097	0
0.634376353	0.661802025	0
0.657715873	0.458746955	1
0.658718709	0.658796008	0
0.589092553	0.721547084	0
0.758795056	0.62356694	0
0.75234909	0.652288946	0
0.339990709	0.527892267	1
0.303667068	0.751991475	0
0.505582565	0.482069557	1
0.738699496	0.459781585	0
0.092545658	0.627876103	1
0.618997538	0.427246666	0
0.592467323	0.715453566	0
0.690226788	0.43872459	1
0.686398867	0.432626183	1
0.788867827	0.528727392	0
0.479299872	0.710476737	0
0.508023554	0.498589834	1
0.174912459	0.585607967	1
0.443978305	0.480940968	1
0.611253801	0.4212052	0
0.542555812	0.547189209	0
0.444946152	0.673421822	0
0.207256318	0.664099851	1
0.65278551	0.523731606	0
0.609632131	0.498632633	0
0.150435358	0.637745757	1
0.365750323	0.508370947	1
0.529203092	0.653786447	0
0.667255019	0.433910939	1
0.577852554	0.455932103	0
0.892779013	0.741610315	0
0.518141422	0.765842633	0
0.134863048	0.657324643	1
0.754625764	0.501209937	1
0.553482456	0.711935194	0
0.511160302	0.746821894	0
0.919062739	0.768451745	0
0.354811191	0.512645782	1
0.733837248	0.470741385	1
0.758809035	0.524810359	0
0.69375397	0.641021964	0
0.40990841	0.788336082	0
0.364713312	0.438697057	1
0.774104	0.663500877	0
0.517057945	0.431241785	1
0.707589121	0.703875255	0
0.386997109	0.538014643	0
0.240774895	0.558876973	1
0.284764896	0.521354519	0
0.73824987	0.509140876	1
0.617793289	0.519623851	1
0.418690357	0.763237328	0
0.738692083	0.479293662	1
0.3638742	0.29677554	1
0.71555592	0.543206521	0
0.378124378	0.462871752	1
0.407061154	0.505187827	1
0.644843064	0.647391541	0
0.766244754	0.45775202	0
0.52035053	0.515655536	0
0.784384975	0.665271934	0
0.649219859	0.556781518	1
0.560621812	0.416621446	1
0.294087229	0.712424856	0
0.548446803	0.579405128	0
0.455434784	0.600349945	0
0.416669036	0.647345842	0
0.393915469	0.484922235	0
0.227722749	0.559191494	1
0.228681143	0.556419451	1
0.147747245	0.571304417	1
0.786922077	0.485055913	0
0.303041713	0.510130081	0
0.172898782	0.631125772	0
0.771146227	0.744504425	0
0.506848743	0.539424354	0
0.756916973	0.71223329	0
0.230793357	0.574219751	1
0.6160374	0.530484464	0
0.637835089	0.646962768	0
0.254139063	0.938264231	0
0.585872448	0.858599677	0
0.766698588	0.590367506	0
0.654369124	0.814903321	0
0.42530831	0.766409751	0
0.680203272	0.757382818	0
0.366586509	0.76806122	0
0.128220384	0.60282128	1
0.219855629	0.560128358	1
0.58678766	0.784336758	0
0.446634161	0.802631975	0
0.779032695	0.412402054	1
0.555213431	0.620831234	0
0.738898953	0.588059054	0
0.438914499	0.490232985	1
0.507766984	0.830621769	0
0.306212242	0.594726285	1
0.580997476	0.664087968	0
0.771415468	0.417759399	1
0.58638171	0.689557434	0
0.581275856	0.631949302	0
0.103009737	0.478631732	1
0.462044668	0.462649511	0
0.189633501	0.563055122	1
0.244067738	0.683203519	0
0.750171975	0.468196529	0
0.729078469	0.281472683	1
0.671734119	0.7089549	0
0.732355445	0.741867304	0
0.346595639	0.565647523	1
0.726920494	0.620396018	0
0.679825646	0.636462631	0
0.531129935	0.642825841	0
0.528069322	0.448662751	0
0.322637123	0.621219831	1
0.764337749	0.470704595	1
0.195511044	0.570900422	1
0.771782405	0.482862162	0
0.649753581	0.586545661	0
0.781071485	0.719239724	0
0.343306188	0.58655591	1
0.350804029	0.860606432	0
0.717161745	0.632490695	0
0.462726668	0.493431653	1
0.665189869	0.67069902	0
0.332400203	0.67171231	1
0.762778532	0.577928855	0
0.664492234	0.715046886	0
0.428579972	0.744987116	0
0.35536012	0.563417842	1
0.749700156	0.650867256	0
0.698342647	0.612435312	0
0.807799206	0.766106727	0
0.72684444	0.622728625	0
0.154056084	0.537641383	0
0.340070373	0.661996637	0
0.760701333	0.507352288	0
0.425407727	0.862169521	0
0.738393625	0.728743342	0
0.700603425	0.641496155	0
0.769967459	0.643916032	0
0.595847572	0.642607505	0
0.526908595	0.645629979	0
0.146079436	0.786111825	1
0.74088371	0.616534682	0
0.789143572	0.699158531	0
0.696851924	0.594411013	0
0.568316671	0.715247302	0
0.752354487	0.563769648	0
0.774282209	0.621021429	0
0.536735354	0.683148669	0
0.29755584	0.806229774	0
0.412763772	0.744023231	0
0.800948522	0.581921281	0
0.7291856	0.732493705	0
0.515233678	0.658710619	0
0.672477705	0.524818878	0
0.378102582	0.64735712	1
0.694428437	0.555287423	0
0.739246399	0.642257536	0
0.77204292	0.502922101	0
0.708069409	0.652909882	0
0.714883809	0.681944546	0
0.797690223	0.659225802	0
0.251314759	0.654836185	1
0.749336841	0.547231907	0
0.734294565	0.543112137	0
0.206421134	0.599005928	1
0.533147014	0.844948219	0
0.196824991	0.597613961	1
0.594840907	0.727839968	0
0.168292201	0.624430512	1
0.570069426	0.677537065	0
0.566444205	0.569715749	0
0.616732272	0.6956529	0
0.438822724	0.548169254	1
0.584921413	0.549045531	0
0.315776059	0.551479793	1
0.223097884	0.55228031	1
0.582989749	0.616970389	0
0.179370161	0.584483407	1
0.809801525	0.476605459	1
0.148498701	0.63739225	1
0.782129976	0.469284725	1
0.575200075	0.787577819	0
0.752207541	0.647768632	0
0.66799934	0.661652284	0
0.21034996	0.65094253	0
0.367246512	0.43532566	0
0.695821795	0.676468655	0
0.619382821	0.695032824	0
0.6729106	0.649442946	0
0.303322993	0.585804871	1
0.605126328	0.693793884	0
0.74146952	0.655579267	0
0.791057744	0.469438015	1
0.727492104	0.54796944	0
0.311669239	0.782597666	0
0.800383234	0.473169133	1
0.740202005	0.410692864	0
0.694553562	0.586204657	0
0.753171729	0.668285453	0
0.26162079	0.571423999	1
0.482554446	0.703090302	0
0.739354882	0.756430534	0
0.729951205	0.545099385	0
0.731556925	0.655455173	0
0.459166817	0.674934606	0
0.579229119	0.676905379	0
0.778656893	0.655195496	0
0.143351368	0.714671182	1
0.56830791	0.558950629	0
0.474182	0.472559985	1
0.310244946	0.585843042	1
0.673213909	0.55747807	0
0.781651542	0.748735491	0
0.709467981	0.714352867	0
0.68962498	0.566940319	0
0.557144699	0.569801619	0
0.444272116	0.508980603	1
0.573835823	0.780273986	0
0.706864984	0.677110884	0
0.597647166	0.678293653	0
0.756910516	0.651081044	0
0.177750939	0.619611617	1
0.37921859	0.513082372	1
0.722950506	0.467808457	1
0.718563952	0.645310606	0
0.202141903	0.457160286	0
0.191346593	0.549328962	1
0.651878883	0.672020755	0
0.174911534	0.616980027	1
0.603470212	0.702132309	0
0.474033211	0.454604673	1
0.755438322	0.626196609	0
0.739576895	0.626247154	0
0.769485461	0.448221952	0
0.532048429	0.396188352	1
0.700049651	0.45489977	1
0.233096665	0.641140825	1
0.172595206	0.60396429	1
0.17863651	0.551077577	1
0.589874647	0.478625304	1
0.714654306	0.362889017	1
0.78158844	0.788531109	0
0.49968566	0.706331104	0
0.607114297	0.752513044	0
0.501031204	0.541515206	0
0.613970518	0.683469938	0
0.789964323	0.486208277	1
0.683127367	0.429831312	1
0.490348496	0.542468389	0
0.353102852	0.525775007	1
0.391718324	0.767702556	0
0.755571943	0.653993105	0
0.515034459	0.848256	0
0.52711278	0.389239388	0
0.757707754	0.369676342	0
0.695318487	0.351954532	0
0.207610752	0.482511701	1
0.311490998	0.5588808	1
0.550222044	0.53366364	0
0.760423369	0.368579225	0
0.688552092	0.796207512	0
0.77171172	0.814677009	0
0.308908681	0.548149199	1
0.260566129	0.582446245	1
0.395567443	0.583665395	0
0.456975983	0.479881705	0
0.710807991	0.65831849	0
0.674340625	0.68744137	0
0.172593279	0.277573605	1
0.283712649	0.256382222	1
0.686524178	0.651405069	0
0.434072379	0.576967227	0
0.258138453	0.268975564	1
0.274627933	0.538781278	1
0.15519033	0.588468074	1
0.278086141	0.356024308	1
0.770573263	0.39989516	1
0.13786876	0.605995736	1
0.595711813	0.734660785	0
0.437001102	0.495572476	1
0.767559564	0.635003914	0
0.527619673	0.463511607	1
0.580764809	0.567690477	0
0.857969084	0.598791403	0
0.668615813	0.931044545	0
0.465347525	0.490931487	0
0.569768014	0.763548236	0
0.439823612	0.493482546	1
0.606811493	0.770657782	0
0.545085698	0.467734038	0
0.601836465	0.442686927	0
0.573562314	0.828375764	0
0.65822884	0.589181712	0
0.396878436	0.514290502	1
0.116866111	0.675421811	1
0.509420466	0.553267827	0
0.676992535	0.42809647	0
0.644874207	0.760353327	0
0.756052815	0.773022653	0
0.809642058	0.557060394	0
0.275861279	0.56660814	1
0.587277045	0.636299121	0
0.445596182	0.762196562	0
0.500981258	0.713571961	0
0.42366736	0.489793591	1
0.625892535	0.594048208	0
0.369460674	0.713338694	0
0.753428346	0.659191762	0
0.184586533	0.702341043	1
0.704444763	0.763754431	0
0.814166643	0.703484749	0
0.360855401	0.452120646	1
0.28187254	0.566429403	1
0.678399935	0.589733788	0
0.429564451	0.526989201	0
0.582096051	0.628660649	0
0.784117643	0.458758501	0
0.274421527	0.542466496	0
0.729565732	0.404565083	1
0.525189944	0.449583505	1
0.605407683	0.530615342	0
0.707879133	0.799560811	0
0.703781308	0.898044792	0
0.583271336	0.539382173	0
0.761865461	0.429686085	0
0.526960195	0.314877476	0
0.364723341	0.503328941	0
0.134476473	0.645355862	1
0.433753005	0.520854788	1
0.641380894	0.768522372	0
0.423247194	0.724631836	0
0.471182785	0.43170097	0
0.344541797	0.493576677	0
0.783748329	0.397480438	0
0.71548167	0.390652724	1
0.532114428	0.439044175	1
0.55054326	0.723674765	0
0.439960658	0.572890184	0
0.699350529	0.506587924	1
0.77966455	0.391993909	0
0.618325126	0.359610997	0
0.498660752	0.584962055	1
0.687613652	0.605973681	0
0.761668161	0.315293159	0
0.667808294	0.373777196	0
0.760488848	0.174055524	0
0.525466565	0.485150938	0
0.539950656	0.749387371	0
0.666459509	0.827086543	0
0.228275115	0.692026376	0
0.77999566	0.702855516	0
0.237640584	0.498740265	0
0.427911607	0.627629711	0
0.4143986	0.330385923	0
0.447105579	0.6076087	0
0.771094659	0.703220021	0
0.645713436	0.524942206	0
0.770369508	0.692863464	0
0.458588051	0.423547973	0
0.599534585	0.398947225	0
0.744497333	0.270062091	0
0.708245733	0.687648129	0
0.309330372	0.523773279	1
0.488047495	0.303642565	0
0.53763263	0.316490213	0
0.521008624	0.626814376	0
0.61465631	0.633556743	0
0.251299465	0.553401231	1
0.746598893	0.429667443	0
0.307132217	0.318875798	1
0.255619779	0.524693913	1
0.1139887	0.635922367	0
0.670037521	0.672747247	0
0.551594137	0.496523987	1
0.566222377	0.740913442	0
0.602395824	0.314944907	0
0.516302732	0.577531817	0
0.469558225	0.650681738	0
0.581839048	0.469469541	1
0.655823129	0.618638096	0
0.086586067	0.584600325	1
0.166243516	0.589203633	1
0.130838782	0.595559483	1
0.520652134	0.452198882	1
0.552712944	0.481239912	1
0.7775623	0.368020517	1
0.437050337	0.856837171	0
0.41528353	0.074143975	1
0.384448048	0.421682146	1
0.679447897	0.583936655	0
0.779629644	0.364261137	1
0.466552095	0.336698721	0
0.762918103	0.506390459	0
0.460974906	0.428989184	0
0.754764813	0.178600726	1
0.484176045	0.443736792	0
0.224220615	0.660904917	1
0.653156752	0.501487427	0
0.294789133	0.32435755	1
0.589486376	0.499941013	0
0.778280672	0.361012791	1
0.41468617	0.508515566	1
0.556865569	0.658196539	0
0.70388541	0.720086049	0
0.545295806	0.463900067	0
0.534947736	0.245386278	1
0.560581129	0.6179303	0
0.61808746	0.425572052	1
0.109455392	0.631482549	1
0.751604279	0.432695945	1
0.417151921	0.507945813	1
0.76462724	0.36415898	1
0.29362918	0.316508834	1
0.64623351	0.156789067	1
0.662542421	0.281003155	1
0.317221833	0.352435857	1
0.278283362	0.300263779	1
0.144596553	0.281076619	1
0.577725443	0.305874452	1
0.775376922	0.37488631	1
0.289459146	0.302269587	1
0.281880017	0.331351333	0
0.278499559	0.330575009	0
0.506447762	0.345230645	0
0.246854334	0.299047891	1
0.707270397	0.322480069	1
0.472076985	0.204078327	1
0.292390293	0.430656303	1
0.64392968	0.652276624	0
0.553183328	0.785435255	0
0.360039016	0.51615988	1
0.347566452	0.354380983	1
0.171475053	0.171364892	1
0.171768064	0.590270953	1
0.171551433	0.141437583	1
0.668969335	0.304918023	1
0.295169483	0.196795195	1
0.649447314	0.553647413	0
0.767902748	0.311329986	1
0.552482835	0.561971589	0
0.389157382	0.460271997	0
0.476926714	0.337729367	0
0.781795069	0.404996956	1
0.285349855	0.476857114	0
0.086621628	0.618963502	1
0.784501913	0.196788802	1
0.224277446	0.03250557	1
0.377525668	0.052392694	1
0.515106045	0.505492649	0
0.37543977	0.712809355	0
0.306672727	0.464984412	0
0.499368796	0.606982531	0
0.556777642	0.410281418	1
0.687895596	0.457579233	0
0.681242542	0.061282373	1
0.475923489	0.315516544	1
0.443119685	0.083135691	1
0.748244318	0.040373522	1
0.092154709	0.17053114	1
0.736824187	0.088674225	1
0.690704862	0.046935036	1
0.205715208	0.490001888	0
0.56689733	0.662114321	0
0.581259955	0.100384475	1
0.620312095	0.384646236	1
0.758072138	0.471900304	1
0.387190079	0.293390152	1
0.420884212	0.296006351	1
0.508289654	0.000520216	1
0.64298586	0.36512508	1
0.296792543	0.519020906	0
0.481267355	0.592761977	0
0.428718242	0.581050896	1
0.709243191	0.2848703	1
0.17387756	0.315274358	0
0.708665368	0.423413893	1
0.461615144	0.308863217	1
0.313243932	0.300673182	1
0.283878066	0.320580474	1
0.617798341	0.292703011	1
0.552134829	0.430803629	1
0.807086628	0.604483449	0
0.308322833	0.356885746	1
0.66889056	0.610242149	0
0.301958817	0.566412132	1
0.526818879	0.481498534	1
0.574173441	0.855089391	0
0.171026113	0.328553526	1
0.320428811	0.304220858	1
0.359613746	0.514889874	1
0.627285281	0.396908294	1
0.4925258	0.389941353	1
0.407317202	0.128894414	1
0.584494304	0.656217801	0
0.553975599	0.117922899	1
0.72823517	0.368035753	1
0.33174644	0.364200968	1
0.645151049	0.16807274	1
0.018941288	0.156877925	1
0.241515688	0.73552648	0
0.538859994	0.133071709	1
0.648001255	0.619760047	0
0.358403944	0.509465785	1
0.470546777	0.656653007	0
0.598818466	0.288308528	1
0.432981901	0.455615677	0
0.310720433	0.327163371	0
0.209290732	0.377544833	0
0.206521578	0.581469901	1
0.099165206	0.840463712	1
0.661032795	0.458603375	1
0.311312927	0.511963493	1
0.592753062	0.455577621	1
0.583122618	0.872045697	0
0.46585888	0.611605671	0
0.737427888	0.386260335	0
0.233813699	0.301443021	0
0.453713365	0.400892721	0
0.460726971	0.36966121	0
0.531070764	0.614280818	0
0.53248959	0.420008388	0
0.233137219	0.304380069	0
0.488412042	0.606981632	0
0.661547871	0.688994602	0
0.54849321	0.506248043	0
0.475394433	0.404632571	0
0.765078086	0.489894269	1
0.755874361	0.752334619	0
0.219897563	0.344689275	0
0.323784762	0.874954026	0
0.668916636	0.689459517	0
0.74891938	0.756310383	0
0.207378562	0.339868196	0
0.662185907	0.753327302	0
0.439199937	0.616979808	0
0.490504758	0.484184766	1
0.416373993	0.424785892	0
0.444812067	0.523239138	0
0.340876281	0.503120898	1
0.562558136	0.559095105	1
0.570163459	0.44407823	0
0.488906049	0.442774498	0
0.746112536	0.758334652	0
0.748978862	0.654335508	0
0.679975837	0.397928845	1
0.737544359	0.647803801	0
0.43828143	0.483866193	1
0.630656753	0.496887557	0
0.195876624	0.659625312	1
0.424576045	0.349673526	1
0.071013136	0.194754476	1
0.321310215	0.525813743	1
0.617794083	0.558161178	0
0.327813076	0.508199539	1
0.115918061	0.618684752	1
0.289643442	0.829080024	0
0.731150682	0.469274846	1
0.470772266	0.487241108	0
0.763121065	0.372787648	1
0.785568849	0.530408973	0
0.292527779	0.535184565	1
0.733566376	0.416487821	1
0.59888767	0.681681004	0
0.782055589	0.63044483	0
0.627904702	0.715072456	0
0.619689497	0.658810945	0
0.807157713	0.713280742	0
0.626477937	0.683244555	0
0.264709341	0.702900678	0
0.705612451	0.49596324	0
0.773761037	0.658059179	0
0.746530282	0.627269974	0
0.15782023	0.604359239	1
0.609359754	0.701115551	0
0.540532868	0.502152982	0
0.550210674	0.595711319	0
0.541787915	0.607174929	0
0.347562292	0.638023129	0
0.771635791	0.811223063	0
0.216736221	0.58071244	1
0.083154875	0.782277376	1
0.773680104	0.360004651	1
0.394263881	0.648266139	0
0.238979173	0.529652999	1
0.248632282	0.517886861	1
0.183853982	0.563624793	1
0.405372657	0.515299033	1
0.481844512	0.59037621	1
0.728691697	0.381169812	1
0.301291811	0.52410733	1
0.667053464	0.32963545	1
0.699947994	0.314816949	1
0.626093725	0.71399472	0
0.59253747	0.597983694	0
0.697592738	0.481959743	1
0.289594782	0.787307285	0
0.553374442	0.615769724	0
0.515372759	0.398394374	1
0.318046091	0.591789885	1
0.461236468	0.45650876	1
0.262982784	0.560764127	1
0.474843201	0.49609454	1
0.228758055	0.653238474	1
0.696678652	0.832871037	0
0.301185656	0.712738336	0
0.531503153	0.597520926	0
0.507688002	0.294469447	0
0.676296685	0.354104379	1
0.739553718	0.810608788	0
0.75584219	0.626075311	0
0.37375291	0.363709544	0
0.654305565	0.800086312	0
0.6340411	0.828427739	0
0.393344863	0.80129079	0
0.573336245	0.651159407	0
0.132914216	0.624277603	1
0.522369953	0.40146275	0
0.592220281	0.54059323	0
0.429031545	0.376415855	0
0.691083373	0.350479757	1
0.325970012	0.284992422	1
0.349802197	0.506335476	1
0.365557272	0.602507475	0
0.210323766	0.563012648	1
0.545347467	0.667796753	0
0.802548106	0.531009202	0
0.579625665	0.737801059	0
0.357557682	0.513561492	1
0.212213851	0.572411144	1
0.638415485	0.613442439	0
0.780302724	0.387443599	1
0.533333518	0.667154566	0
0.760366764	0.59217839	0
0.551236806	0.615005143	0
0.587981121	0.541287517	1
0.491069029	0.843456212	0
0.417761196	0.522680989	1
0.302979827	0.510514992	1
0.687548905	0.734434122	0
0.284289953	0.437901685	1
0.733039069	0.464187996	0
0.716544278	0.690217481	0
0.500497283	0.879237732	0
0.739918546	0.706009397	0
0.640454952	0.442772953	1
0.773307665	0.650829075	0
0.778519974	0.760838436	0
0.67633137	0.781196822	0
0.24223478	0.513793178	1
0.263222822	0.550913486	1
0.589217673	0.854991265	0
0.75760871	0.775411899	0
0.376269232	0.481835202	1
0.553616107	0.830714496	0
0.528761491	0.581534979	0
0.328366037	0.505338139	1
0.156622711	0.611112925	1
0.239799253	0.937986089	0
0.780377107	0.368621852	1
0.49630715	0.46221661	1
0.284008972	0.581085717	1
0.331798305	0.538233525	1
0.726580634	0.74095423	0
0.55330132	0.508274743	1
0.466950162	0.876957007	0
0.620406758	0.824640846	0
0.36677905	0.558852315	1
0.757126357	0.775218578	0
0.513109375	0.476463842	1
0.371736974	0.514761913	1
0.779468592	0.3686127	1
0.280632081	0.829069773	0
0.57750354	0.600797477	0
0.425591231	0.668228512	0
0.699378124	0.355997051	1
0.653310599	0.80127919	0
0.549282894	0.493159418	1
0.756327838	0.416075532	1
0.71935763	0.702691242	0
0.756275434	0.421243973	1
0.335534387	0.526439595	1
0.560830255	0.478825444	1
0.52195039	0.612661792	0
0.559924333	0.500126951	1
0.466469368	0.490933065	1
0.136686307	0.687591032	1
0.626546813	0.460595728	1
0.686702457	0.83550507	0
0.787104849	0.433605406	1
0.232567681	0.632318143	1
0.751677195	0.772517018	0
0.222133701	0.559313361	1
0.743767676	0.424109774	1
0.745513541	0.66958849	0
0.745603288	0.76588642	0
0.760321678	0.374360315	1
0.702528923	0.756637325	0
0.46804299	0.811906922	0
0.685317569	0.651820247	0
0.289010358	0.759951009	0
0.580486025	0.76157548	0
0.545033657	0.801517202	0
0.647053064	0.674095117	0
0.630857731	0.655037098	0
0.682310677	0.732019073	0
0.434311975	0.679399036	0
0.451465659	0.721432105	0
0.181382183	0.723152562	0